1 0.989518 0.394079 0.019922 0.049843
1 0.988641 0.437690 0.021677 0.037380
1 0.990393 0.333333 0.018172 0.068537
1 0.713201 0.503111 0.019276 0.028037
2 0.890948 0.758569 0.217062 0.420565
2 0.781107 0.648750 0.135807 0.154204
2 0.713638 0.619162 0.056953 0.088787
2 0.681661 0.605139 0.038552 0.070093
2 0.530081 0.568537 0.021026 0.028037
2 0.551109 0.570093 0.022781 0.028037
2 0.573016 0.571648 0.024531 0.028037
2 0.617263 0.569310 0.018401 0.035824
2 0.598424 0.570093 0.026286 0.040500
0 0.598422 0.586449 0.014021 0.063861
0 0.485396 0.568537 0.008760 0.043611
0 0.494594 0.568532 0.009635 0.049843