2 0.088148 0.559750 0.176297 0.364778
2 0.190448 0.594343 0.040094 0.129981
2 0.565154 0.607968 0.027714 0.088046
2 0.497643 0.591718 0.060141 0.101676
1 0.247346 0.462792 0.012380 0.030398
2 0.432784 0.567606 0.077828 0.072324
2 0.244987 0.533014 0.033609 0.061843
2 0.275060 0.541926 0.027714 0.039833
2 0.287737 0.539833 0.043630 0.039833
2 0.320458 0.541403 0.031250 0.030398
2 0.399174 0.529352 0.031839 0.012574
2 0.397112 0.541926 0.015922 0.020963
0 0.379125 0.545597 0.007073 0.032491
2 0.389445 0.544546 0.017099 0.026204
0 0.357901 0.537218 0.005896 0.038787
2 0.244987 0.533014 0.033609 0.061843