2 0.095518 0.582282 0.191036 0.151991
2 0.489977 0.581759 0.053068 0.081759
1 0.842570 0.384176 0.042453 0.066037
1 0.574883 0.493190 0.018870 0.030398
1 0.255010 0.565514 0.093750 0.091194
2 0.255010 0.565514 0.093750 0.091194
2 0.416865 0.556606 0.028302 0.033546
2 0.433375 0.553981 0.027125 0.036685
2 0.213151 0.559227 0.024177 0.070231
0 0.681896 0.605347 0.048937 0.191824
0 0.629424 0.602199 0.050120 0.189731
0 0.637677 0.541931 0.014740 0.037731
0 0.517393 0.563940 0.010026 0.046120
0 0.535672 0.564991 0.007667 0.039833
0 0.546286 0.566565 0.007667 0.047167
0 0.552474 0.562889 0.007073 0.050315
0 0.395932 0.549264 0.008844 0.037731
0 0.312794 0.547167 0.010026 0.052407
0 0.319870 0.558699 0.004125 0.023065
0 0.321932 0.537736 0.007073 0.025157