2 0.862062 0.753144 0.274833 0.334380
2 0.824586 0.610060 0.090214 0.056602
2 0.584315 0.609009 0.115568 0.153037
2 0.632076 0.546120 0.064859 0.062889
2 0.657724 0.578093 0.032427 0.034593
2 0.811026 0.592769 0.077240 0.057648
2 0.770047 0.587528 0.034198 0.042981
2 0.578716 0.526204 0.044224 0.020963
2 0.708135 0.572329 0.016510 0.025157
2 0.719341 0.571282 0.018870 0.023065
2 0.737914 0.571806 0.018276 0.024111
2 0.674529 0.566042 0.021224 0.023065
1 0.983786 0.495810 0.026531 0.023065
1 0.984966 0.463310 0.027714 0.035639
1 0.984667 0.419287 0.029479 0.058704
0 0.074474 0.523370 0.038552 0.205611
0 0.306656 0.510903 0.017521 0.059194
0 0.306656 0.510903 0.017521 0.059194
1 0.833138 0.544028 0.009432 0.020963
0 0.460789 0.538259 0.011203 0.047167
1 0.472581 0.495282 0.006484 0.017824
1 0.199880 0.406185 0.016510 0.026204