1 0.561320 0.410380 0.048349 0.137315
1 0.686323 0.426620 0.028302 0.052407
2 0.190448 0.573370 0.126177 0.123685
2 0.039211 0.579667 0.078422 0.119500
1 0.370284 0.547171 0.012974 0.023065
2 0.336378 0.553463 0.034786 0.039833
0 0.469930 0.556083 0.012974 0.063944
2 0.469633 0.575995 0.005307 0.038787
1 0.686615 0.468551 0.019458 0.027250
1 0.687206 0.495282 0.015922 0.022009
1 0.486143 0.520440 0.006484 0.017824
2 0.383552 0.545597 0.013562 0.022009
2 0.424820 0.544028 0.006484 0.010481
2 0.360260 0.546644 0.016510 0.022009
2 0.623526 0.552412 0.024177 0.027250
2 0.604951 0.550838 0.015328 0.019917
2 0.436615 0.542972 0.008844 0.010481
2 0.444578 0.545074 0.004719 0.008389
2 0.152714 0.521486 0.160375 0.133120