2 0.826648 0.605347 0.015328 0.051361
2 0.882076 0.562894 0.024766 0.035639
2 0.967570 0.595917 0.020047 0.042981
2 0.983820 0.586477 0.031318 0.032491
2 0.368807 0.612157 0.081958 0.113204
0 0.913406 0.673676 0.084990 0.275704
0 0.287820 0.590338 0.027161 0.105917
0 0.494159 0.614486 0.042057 0.216509
0 0.540594 0.610588 0.038552 0.202491
0 0.979992 0.626949 0.027161 0.073213
0 0.714078 0.606694 0.015771 0.098130
0 0.873977 0.596579 0.011391 0.046731
0 0.864339 0.591898 0.007885 0.052963
0 0.786362 0.602801 0.018401 0.065417
0 0.803883 0.601241 0.013141 0.071648
0 0.817026 0.609032 0.009635 0.062306
0 0.838930 0.604361 0.020151 0.096574
0 0.856893 0.608255 0.019276 0.091898
2 0.913844 0.729750 0.131427 0.191593