2 0.131484 0.617926 0.028302 0.145704
2 0.967016 0.632079 0.064927 0.228509
2 0.647109 0.589620 0.037146 0.053463
2 0.705779 0.557130 0.030661 0.055556
2 0.781836 0.579667 0.021224 0.052407
2 0.881487 0.619500 0.036557 0.090148
2 0.859375 0.617403 0.054833 0.088046
2 0.845518 0.602199 0.048349 0.080713
2 0.841688 0.562366 0.064271 0.019917
2 0.801003 0.581759 0.039505 0.058704
0 0.932680 0.679907 0.099005 0.316204
2 0.943195 0.752338 0.072724 0.246102
0 0.049065 0.633181 0.098130 0.481306
0 0.206336 0.640185 0.088495 0.389407
0 0.552862 0.592676 0.021026 0.110593
0 0.815273 0.610593 0.025411 0.084111
0 0.607185 0.625389 0.010516 0.057630
0 0.625586 0.578662 0.010516 0.048287
0 0.670706 0.600468 0.027161 0.088787
0 0.666328 0.566199 0.014896 0.048287
0 0.686042 0.591903 0.015771 0.087231
0 0.702685 0.580218 0.012266 0.051398
2 0.817029 0.619935 0.035922 0.056074