1 0.917745 0.523588 0.026531 0.040880
2 0.389445 0.569708 0.109078 0.139417
2 0.481427 0.581241 0.077240 0.135222
2 0.559552 0.599056 0.063677 0.103778
0 0.600234 0.600625 0.016510 0.085954
0 0.618221 0.605343 0.027714 0.105870
2 0.659789 0.609537 0.075474 0.105870
0 0.721404 0.617926 0.021818 0.116352
0 0.759432 0.613731 0.023583 0.135222
0 0.993549 0.670338 0.011859 0.193917
0 0.936320 0.648852 0.041276 0.190778
0 0.863500 0.621593 0.025354 0.098537
0 0.856133 0.610065 0.015328 0.090148
0 0.863500 0.621593 0.025354 0.098537
2 0.014445 0.510486 0.028891 0.054509