2 0.382370 0.526208 0.129125 0.236898
2 0.071641 0.657759 0.089031 0.229556
2 0.071641 0.657759 0.089031 0.229556
0 0.036557 0.563421 0.073115 0.353250
2 0.031544 0.763630 0.063089 0.196019
0 0.868221 0.652519 0.051297 0.319704
0 0.752065 0.681347 0.057193 0.245287
2 0.283878 0.658097 0.075349 0.204046
0 0.222109 0.560750 0.039427 0.056074
0 0.190568 0.559190 0.023656 0.059194
0 0.188813 0.538157 0.014896 0.029593
0 0.584404 0.590343 0.021026 0.112148
0 0.573016 0.579435 0.022781 0.124611
0 0.560750 0.577097 0.015771 0.119935
0 0.752065 0.681347 0.057193 0.245287
0 0.289576 0.580995 0.072724 0.283491