1 0.321346 0.513625 0.008255 0.016769
1 0.370284 0.500528 0.014151 0.026204
1 0.321346 0.513625 0.008255 0.016769
1 0.949294 0.519912 0.012974 0.027250
1 0.951357 0.558176 0.012380 0.047167
2 0.675414 0.583333 0.080776 0.042981
2 0.542453 0.569704 0.016510 0.013630
2 0.262971 0.542454 0.020047 0.034593
2 0.237326 0.536690 0.011203 0.014676
0 0.524766 0.584903 0.016510 0.064991
0 0.504424 0.579139 0.015922 0.076519
0 0.459318 0.568657 0.010615 0.053463
2 0.222583 0.533019 0.008844 0.013630
2 0.277419 0.536157 0.005307 0.007333
2 0.580190 0.572852 0.042453 0.024111
2 0.612914 0.576523 0.011203 0.025157