2 0.077104 0.390968 0.038552 0.049843
1 0.077104 0.390968 0.038552 0.049843
1 0.718021 0.475074 0.048188 0.124611
1 0.737732 0.337231 0.122661 0.138630
1 0.734667 0.242208 0.111271 0.048287
1 0.613755 0.417449 0.032417 0.074769
1 0.658880 0.448597 0.022781 0.049843
1 0.543224 0.461060 0.008760 0.034269
1 0.527891 0.475861 0.007885 0.014019
2 0.858643 0.597356 0.052568 0.032713
2 0.887557 0.605144 0.054323 0.035824
2 0.983935 0.610597 0.021026 0.046731
2 0.504237 0.524148 0.041182 0.054519
0 0.273365 0.514792 0.007010 0.051398
0 0.299651 0.510907 0.014021 0.052963
2 0.290888 0.527255 0.012266 0.023361
0 0.423187 0.510125 0.008760 0.035824
2 0.423628 0.524144 0.004380 0.023361
0 0.470505 0.507009 0.007010 0.029593
2 0.470500 0.521028 0.015771 0.017130