2 0.797464 0.711218 0.275354 0.292454
0 0.867927 0.553463 0.056604 0.079667
1 0.810141 0.408806 0.027125 0.052407
1 0.808961 0.447593 0.018870 0.031444
2 0.640333 0.624218 0.117927 0.141509
2 0.797464 0.711218 0.275354 0.292454
1 0.577534 0.492662 0.011203 0.023065
0 0.540977 0.562375 0.006484 0.038787
0 0.530070 0.563944 0.008255 0.039833
0 0.519755 0.561847 0.007667 0.037731
2 0.528594 0.545593 0.020635 0.036685
0 0.535083 0.558699 0.004125 0.025157
2 0.073703 0.530917 0.022406 0.047167
0 0.127951 0.516773 0.012974 0.046120
2 0.158021 0.520435 0.033021 0.047167
0 0.191333 0.517292 0.002948 0.022009
1 0.250591 0.492139 0.008255 0.013630
1 0.252063 0.472227 0.007667 0.017824
2 0.244690 0.530398 0.021224 0.031444
0 0.187500 0.518338 0.004719 0.022009
2 0.234964 0.525685 0.007667 0.013630
2 0.273883 0.533542 0.027714 0.033546
2 0.285672 0.531444 0.026531 0.029352
0 0.304245 0.532495 0.004719 0.023065
1 0.347289 0.539306 0.018870 0.034593
1 0.371461 0.540884 0.018870 0.033546
0 0.402714 0.575472 0.016510 0.090148
1 0.510609 0.515204 0.007073 0.013630
1 0.509432 0.528306 0.004719 0.010481
2 0.416865 0.542977 0.017688 0.027250
2 0.451062 0.551366 0.017688 0.025157
2 0.477888 0.557125 0.039505 0.032491
0 0.397995 0.568653 0.017688 0.093287