2 0.241156 0.594338 0.107312 0.134176
2 0.739682 0.583856 0.020635 0.046120
2 0.992958 0.609537 0.013042 0.145704
2 0.793630 0.555560 0.035375 0.054509
2 0.979362 0.592769 0.025943 0.047167
2 0.970224 0.584907 0.038323 0.029352
2 0.949880 0.574426 0.034198 0.018870
2 0.904185 0.563417 0.018276 0.026204
2 0.888266 0.574949 0.035969 0.049269
2 0.870581 0.579144 0.021818 0.049269
0 0.353099 0.607472 0.061333 0.308407
0 0.425380 0.599690 0.046437 0.258565
0 0.941880 0.665111 0.092875 0.305296
0 0.150266 0.567759 0.037677 0.126167
2 0.935307 0.734426 0.093750 0.222741
0 0.637411 0.586449 0.014896 0.104361
0 0.686039 0.616824 0.010516 0.052963
0 0.891500 0.609032 0.023656 0.077880
0 0.707503 0.580218 0.013141 0.073213
0 0.725906 0.594231 0.014896 0.085667
0 0.717583 0.566981 0.007010 0.024926
0 0.756133 0.586449 0.019276 0.091898
0 0.771466 0.588792 0.013141 0.087231
0 0.786802 0.577884 0.014021 0.046731