2 0.621167 0.602204 0.059552 0.084907
0 0.183557 0.564648 0.023656 0.038944
0 0.246203 0.569315 0.031542 0.029593
0 0.285195 0.630838 0.072724 0.311528
0 0.335133 0.620718 0.049943 0.285046
0 0.914721 0.672120 0.134932 0.400315
0 0.566003 0.588787 0.012266 0.081000
0 0.808266 0.631625 0.055198 0.213398
0 0.959841 0.588782 0.011391 0.021806
0 0.976492 0.645644 0.011391 0.020250
0 0.815276 0.561523 0.016646 0.051398
0 0.779786 0.595019 0.024531 0.124611
2 0.921615 0.767134 0.155729 0.285046
2 0.807391 0.678352 0.062208 0.154204