2 0.545695 0.598528 0.085495 0.113204
2 0.056016 0.504722 0.044813 0.084907
2 0.114682 0.506810 0.092573 0.080713
2 0.056016 0.504722 0.044813 0.084907
2 0.172760 0.516250 0.033021 0.063944
2 0.234667 0.519921 0.023583 0.064991
2 0.262089 0.524630 0.037146 0.057648
2 0.328419 0.543500 0.066036 0.076519
2 0.339917 0.501046 0.086677 0.062889
2 0.360258 0.550315 0.008255 0.039833
2 0.393281 0.545593 0.038917 0.068130
2 0.436029 0.551366 0.056016 0.067083
2 0.476117 0.551366 0.052474 0.064991
0 0.369695 0.541931 0.018870 0.083861
0 0.288622 0.525162 0.022995 0.104824
0 0.201060 0.529880 0.049526 0.154093
2 0.189859 0.569181 0.057781 0.127880