1 0.075469 0.417713 0.017688 0.042981
1 0.697521 0.500005 0.011792 0.025157
1 0.569872 0.453356 0.015922 0.040880
1 0.473172 0.501574 0.004125 0.015722
2 0.052182 0.557653 0.104365 0.165620
2 0.075180 0.542458 0.112620 0.128935
2 0.144755 0.549787 0.047760 0.074426
2 0.153299 0.531449 0.082547 0.085954
2 0.178659 0.525157 0.081370 0.079667
2 0.232313 0.518347 0.016510 0.030398
2 0.245581 0.513630 0.015922 0.018870
2 0.326060 0.532491 0.018870 0.041926
2 0.346109 0.535639 0.004719 0.041926
0 0.917156 0.601157 0.019458 0.053463
0 0.617336 0.552935 0.008255 0.024111
0 0.605250 0.552935 0.007667 0.015722
0 0.597289 0.548213 0.008255 0.012574
0 0.582839 0.557648 0.004125 0.020963
0 0.566036 0.556083 0.005896 0.042981
0 0.542451 0.546644 0.009432 0.038787
0 0.511500 0.544546 0.007667 0.045074
2 0.462266 0.541403 0.011792 0.017824
0 0.402125 0.529875 0.005896 0.030398
0 0.392687 0.528819 0.007073 0.032491
0 0.339326 0.530398 0.011203 0.052407
0 0.303654 0.519912 0.003536 0.027250
2 0.260612 0.518338 0.024766 0.022009
2 0.207844 0.509963 0.035969 0.042981
0 0.944867 0.595907 0.006484 0.026204
0 0.441331 0.533546 0.005307 0.031444
0 0.376771 0.527778 0.005896 0.026204
0 0.384432 0.528829 0.005896 0.028306
0 0.370576 0.526727 0.006484 0.028306
0 0.272698 0.514153 0.004125 0.022009