1 0.970849 0.342241 0.057260 0.107963
1 0.972581 0.426102 0.046578 0.063944
2 0.057193 0.588056 0.114385 0.341722
0 0.191331 0.577046 0.061911 0.286167
0 0.256779 0.583329 0.034786 0.193917
0 0.447227 0.573370 0.028891 0.121593
0 0.430424 0.580185 0.014151 0.105870
0 0.404773 0.570755 0.018276 0.122639
0 0.393576 0.546125 0.011203 0.073380
0 0.383547 0.573380 0.026531 0.119500
0 0.344339 0.555037 0.011792 0.074426
0 0.334609 0.560269 0.020635 0.097481
0 0.319576 0.560278 0.014151 0.084907
0 0.278596 0.564468 0.021818 0.112157