2 0.065742 0.625782 0.131484 0.308176
2 0.156544 0.564463 0.142099 0.164574
2 0.884763 0.712787 0.229432 0.433963
2 0.884763 0.712787 0.229432 0.433963
2 0.670698 0.631028 0.223469 0.213833
2 0.556310 0.598009 0.073703 0.147796
2 0.334318 0.529875 0.027125 0.030398
2 0.377063 0.524630 0.054833 0.097481
2 0.124703 0.475894 0.094927 0.023065
0 0.225174 0.517139 0.010516 0.052963
0 0.357917 0.543611 0.014896 0.071648
0 0.418370 0.542829 0.009635 0.051398
0 0.236563 0.508569 0.008760 0.032713
0 0.249268 0.518690 0.011391 0.059194
0 0.422750 0.545949 0.009635 0.045176