2 0.020638 0.643083 0.041276 0.216981
2 0.793042 0.681866 0.379719 0.300843
2 0.793042 0.681866 0.379719 0.300843
2 0.597880 0.620546 0.095521 0.174000
2 0.099057 0.582806 0.198115 0.201259
2 0.185437 0.545074 0.037146 0.092241
2 0.127062 0.486375 0.089031 0.025157
2 0.345813 0.539306 0.024177 0.026204
2 0.392984 0.535116 0.053656 0.101676
0 0.230435 0.528815 0.010516 0.057630
0 0.360542 0.556852 0.016646 0.070093
0 0.433266 0.555296 0.009635 0.057630
0 0.438086 0.558407 0.012266 0.054519
0 0.255844 0.529597 0.014021 0.059194
0 0.247516 0.519468 0.009635 0.035824