1 0.906250 0.222222 0.113208 0.169815
2 0.113208 0.569181 0.226417 0.165620
1 0.618221 0.487949 0.017099 0.030398
2 0.342276 0.555028 0.117333 0.095389
2 0.932195 0.565519 0.030661 0.045074
2 0.566919 0.547167 0.012380 0.018870
2 0.342276 0.555028 0.117333 0.095389
2 0.342276 0.555028 0.117333 0.095389
2 0.420107 0.555028 0.039505 0.055556
2 0.451062 0.555032 0.028302 0.040880
2 0.482604 0.550843 0.025354 0.034593
2 0.539503 0.538255 0.020047 0.032491
2 0.507076 0.547694 0.018870 0.026204
0 0.882961 0.552931 0.012380 0.093287
0 0.235555 0.555032 0.022995 0.093287
2 0.236437 0.584907 0.035375 0.060796
0 0.235555 0.555032 0.022995 0.093287
0 0.289797 0.537208 0.004125 0.022009
0 0.284786 0.530398 0.004719 0.012574