1 0.951063 0.296648 0.057781 0.140463
1 0.407430 0.554509 0.009432 0.018870
1 0.394753 0.553986 0.010026 0.019917
1 0.488208 0.533023 0.004719 0.009435
1 0.511792 0.525157 0.004719 0.012574
1 0.567219 0.503144 0.004719 0.014676
2 0.139740 0.628935 0.251177 0.201259
2 0.865305 0.735847 0.268349 0.522009
2 0.700471 0.658278 0.173349 0.192870
2 0.296284 0.590671 0.096109 0.128935
2 0.610852 0.613208 0.099057 0.125787
2 0.549531 0.596954 0.050708 0.068130
2 0.536852 0.582810 0.039505 0.054509
0 0.011792 0.533019 0.023583 0.047167
0 0.091979 0.519912 0.028302 0.075472
2 0.517393 0.578620 0.021818 0.050315
0 0.584906 0.557134 0.011792 0.028306
0 0.564268 0.557653 0.021224 0.037731
0 0.236143 0.528829 0.011203 0.017824
0 0.510615 0.561319 0.004719 0.022009
0 0.500589 0.567083 0.007073 0.031444
2 0.503539 0.556079 0.015328 0.032491
2 0.466391 0.563940 0.028302 0.025157
2 0.446638 0.560796 0.012380 0.018870
2 0.420693 0.557125 0.014740 0.022009
0 0.384435 0.567616 0.014151 0.049269
0 0.375294 0.564463 0.011203 0.053463
0 0.362326 0.551884 0.005307 0.022009
0 0.346990 0.552940 0.004125 0.019917