2 0.364680 0.563421 0.102005 0.070231
1 0.645638 0.555032 0.015328 0.032491
1 0.632370 0.506292 0.008844 0.016769
1 0.804539 0.429245 0.028891 0.049269
2 0.023289 0.643079 0.046578 0.305028
2 0.038031 0.533546 0.053656 0.058704
2 0.134141 0.625782 0.120875 0.188676
2 0.059255 0.622116 0.066625 0.128935
2 0.134141 0.625782 0.120875 0.188676
0 0.203714 0.566037 0.037146 0.140463
0 0.244104 0.569704 0.023583 0.135222
0 0.301885 0.572324 0.033021 0.140463
2 0.427180 0.564463 0.033609 0.047167
0 0.929539 0.601157 0.033609 0.055556
0 0.952831 0.611106 0.021224 0.077565
0 0.807781 0.670856 0.079010 0.377361
0 0.807781 0.670856 0.079010 0.377361
0 0.742333 0.683963 0.063677 0.340667
0 0.597880 0.568657 0.016510 0.068130
2 0.599057 0.583333 0.040094 0.045074
2 0.563385 0.579144 0.038323 0.038787
0 0.495875 0.560273 0.004719 0.030398
2 0.059255 0.622116 0.066625 0.128935