1 0.244990 0.440773 0.014740 0.022009
1 0.679833 0.546648 0.007073 0.026204
1 0.591688 0.515727 0.008844 0.014676
1 0.382078 0.519917 0.004719 0.010481
2 0.785378 0.582282 0.093161 0.059750
2 0.511201 0.543495 0.009432 0.011528
2 0.303359 0.534588 0.031250 0.025157
2 0.395044 0.535111 0.025943 0.015722
2 0.451945 0.539310 0.017099 0.011528
2 0.479951 0.549792 0.020047 0.032491
2 0.472878 0.531444 0.018870 0.031444
0 0.219339 0.538782 0.022406 0.073380
0 0.197526 0.536162 0.022406 0.078620
0 0.180128 0.536690 0.017099 0.075472