2 0.092865 0.631551 0.185729 0.271491
2 0.765036 0.669810 0.166865 0.400417
2 0.978513 0.627361 0.041932 0.055556
2 0.205779 0.620019 0.127359 0.187630
2 0.290096 0.590148 0.172172 0.171907
2 0.384435 0.596963 0.042453 0.105870
2 0.409195 0.590671 0.071932 0.093287
2 0.587854 0.583861 0.034198 0.039833
2 0.492336 0.588574 0.047172 0.066037
2 0.479953 0.572329 0.029479 0.054509
2 0.572526 0.577565 0.022406 0.031444
2 0.556370 0.566204 0.022781 0.038944
0 0.902453 0.715727 0.164719 0.509343
0 0.707505 0.588005 0.007885 0.048287
0 0.710135 0.570870 0.007885 0.029593
0 0.600615 0.561528 0.007885 0.014019
0 0.608500 0.573991 0.007885 0.042056
0 0.623396 0.581000 0.007885 0.043611
0 0.636096 0.581782 0.010516 0.045176
0 0.660630 0.586454 0.008760 0.054519
2 0.545992 0.570227 0.009432 0.025157
2 0.541862 0.568657 0.014151 0.024111
2 0.533312 0.566560 0.014740 0.022009
2 0.525060 0.564463 0.006484 0.015722
2 0.520044 0.556079 0.009432 0.017824