1 0.622956 0.422116 0.036797 0.102806
1 0.621641 0.498444 0.014896 0.040500
1 0.494594 0.469625 0.016646 0.032713
1 0.495034 0.493769 0.012266 0.015574
2 0.226490 0.585671 0.086740 0.118380
2 0.304904 0.567759 0.052568 0.042056
2 0.171727 0.551407 0.019276 0.024926
2 0.160341 0.546727 0.010516 0.018694
2 0.363172 0.573986 0.007885 0.020250
0 0.938701 0.660440 0.121557 0.380065
2 0.926432 0.785824 0.146094 0.322426
2 0.156396 0.571648 0.009635 0.031148
0 0.041617 0.490653 0.013141 0.046731
0 0.021906 0.488315 0.014021 0.054519
0 0.156833 0.552176 0.008760 0.017130