1 0.940013 0.219630 0.118932 0.165111
1 0.940013 0.219630 0.118932 0.165111
1 0.939688 0.369157 0.086740 0.137074
1 0.718898 0.522583 0.018401 0.029593
2 0.118724 0.560745 0.076229 0.059194
1 0.167349 0.497667 0.008760 0.026481
1 0.166906 0.522583 0.009635 0.014019
1 0.276432 0.526481 0.023656 0.043611
0 0.283880 0.560745 0.015771 0.065417
0 0.312794 0.564639 0.012266 0.057630
1 0.378503 0.537384 0.005255 0.018694
0 0.822284 0.595792 0.020151 0.091898
0 0.809143 0.593463 0.011391 0.081000
0 0.801693 0.588009 0.014021 0.085667
2 0.594482 0.573208 0.034172 0.037380
2 0.576081 0.569315 0.020151 0.029593
2 0.598859 0.537384 0.037677 0.059194
2 0.623833 0.559190 0.029792 0.049843
2 0.643987 0.568532 0.010516 0.021806
2 0.652307 0.567755 0.009635 0.020250
2 0.663698 0.557630 0.016646 0.031148
2 0.659755 0.566204 0.007010 0.014019
0 0.561622 0.568532 0.012266 0.049843
2 0.560747 0.582551 0.012266 0.034269