2 0.441591 0.599690 0.049068 0.049843
2 0.507305 0.605917 0.080609 0.099685
2 0.630839 0.605917 0.078854 0.071648
2 0.696555 0.600468 0.052568 0.051398
2 0.715831 0.581778 0.042057 0.066981
1 0.879234 0.555292 0.009635 0.023361
2 0.750437 0.595801 0.039427 0.045176
2 0.792057 0.593454 0.024531 0.031148
2 0.806073 0.593463 0.008760 0.024926
2 0.829732 0.591120 0.028036 0.029593
0 0.154206 0.584889 0.050818 0.179130
0 0.269862 0.584889 0.035047 0.141741
0 0.590099 0.594236 0.016646 0.060750
0 0.615073 0.574764 0.007010 0.018694
2 0.591854 0.605139 0.014896 0.038944
0 0.875732 0.598130 0.011391 0.043611
2 0.874414 0.614486 0.003505 0.020250