1 0.563375 0.433801 0.017521 0.035824
1 0.530081 0.482870 0.012266 0.024926
1 0.325057 0.489875 0.024531 0.023361
1 0.325057 0.507009 0.022781 0.010907
1 0.325057 0.517134 0.022781 0.009343
1 0.323307 0.527259 0.022781 0.010907
2 0.196701 0.549065 0.074474 0.098130
2 0.841008 0.629287 0.316943 0.261685
2 0.707068 0.618375 0.187500 0.174454
2 0.676841 0.572431 0.121786 0.091898
2 0.599737 0.593458 0.060453 0.093454
2 0.596234 0.551398 0.046437 0.043611
2 0.546292 0.550620 0.032417 0.042056
2 0.265919 0.549069 0.074474 0.060750
1 0.470940 0.517912 0.028911 0.060750
0 0.423628 0.569310 0.027161 0.119935
2 0.425818 0.609037 0.015771 0.071648
0 0.115654 0.521806 0.005255 0.031148