2 0.979102 0.802412 0.040755 0.240046
2 0.058964 0.549264 0.117927 0.199157
2 0.684846 0.589620 0.079599 0.087000
2 0.723760 0.568657 0.037146 0.045074
2 0.723760 0.568657 0.037146 0.045074
2 0.755599 0.567611 0.026531 0.036685
2 0.846992 0.645704 0.039505 0.123685
1 0.646815 0.509435 0.003536 0.010481
1 0.543927 0.473792 0.007667 0.014676
0 0.183961 0.520963 0.014151 0.041926
0 0.161263 0.544551 0.022995 0.070231
0 0.175708 0.535644 0.022406 0.085954
0 0.387971 0.544551 0.014151 0.078620
0 0.411260 0.545069 0.013562 0.085954
0 0.499706 0.546644 0.012380 0.070231
1 0.547169 0.511532 0.008255 0.023065
0 0.828419 0.563421 0.015328 0.078620
0 0.780365 0.589620 0.019458 0.114259
0 0.793927 0.582810 0.014740 0.117398
0 0.773289 0.577046 0.011203 0.105870
0 0.513563 0.552412 0.011792 0.067083
1 0.543927 0.473792 0.007667 0.014676