2 0.979102 0.899370 0.040755 0.150944
2 0.916565 0.733231 0.165682 0.216981
2 0.871167 0.651991 0.117333 0.092241
2 0.814562 0.646227 0.053656 0.080713
2 0.622935 0.624736 0.107901 0.146750
2 0.668930 0.584384 0.021818 0.040880
2 0.807190 0.622644 0.112026 0.088046
2 0.735557 0.609014 0.035969 0.044028
2 0.724057 0.600102 0.050708 0.045074
2 0.691331 0.578616 0.027714 0.023065
2 0.569281 0.581241 0.035969 0.045074
2 0.564859 0.545069 0.069573 0.056602
2 0.504719 0.538259 0.056604 0.053463
0 0.193193 0.491431 0.016646 0.073213
0 0.374562 0.531931 0.009635 0.048287
0 0.447281 0.542051 0.009635 0.037380
1 0.781841 0.555032 0.009432 0.022009
1 0.390625 0.481130 0.008844 0.020963