2 0.289797 0.575468 0.157427 0.167713
2 0.028008 0.651472 0.056016 0.378407
2 0.120578 0.622116 0.229365 0.305028
1 0.134432 0.422435 0.034198 0.079667
2 0.289797 0.575468 0.157427 0.167713
2 0.900977 0.710694 0.197005 0.402519
2 0.744398 0.658287 0.197526 0.230611
0 0.612617 0.558176 0.015328 0.063944
2 0.387677 0.573898 0.070167 0.124741
2 0.423937 0.572329 0.050708 0.096435
2 0.475828 0.549792 0.028302 0.049269
2 0.468161 0.543505 0.062500 0.059750
2 0.502357 0.553458 0.008255 0.033546
0 0.600823 0.561843 0.011792 0.058704
0 0.454307 0.566037 0.013562 0.090148
2 0.471695 0.583333 0.021224 0.055556
2 0.512086 0.544023 0.018276 0.025157
0 0.523880 0.556074 0.013562 0.057648
0 0.535969 0.556074 0.011792 0.057648
0 0.557490 0.547690 0.007667 0.040880
0 0.568693 0.544028 0.007667 0.039833
0 0.582253 0.545074 0.010026 0.039833
2 0.440448 0.556606 0.028302 0.064991