1 0.470813 0.498431 0.007667 0.019917
2 0.432784 0.603255 0.100234 0.160380
2 0.266214 0.541407 0.129125 0.087000
2 0.367924 0.555037 0.077828 0.063944
2 0.560141 0.590148 0.028302 0.062889
2 0.620281 0.595384 0.011792 0.046120
2 0.628536 0.591722 0.022406 0.045074
2 0.628536 0.591722 0.022406 0.045074
2 0.637974 0.585431 0.010615 0.028306
2 0.483487 0.566042 0.021224 0.044028
2 0.507661 0.571801 0.035375 0.040880
2 0.507661 0.571801 0.035375 0.040880
2 0.532135 0.573898 0.024177 0.034593
2 0.546581 0.575468 0.014151 0.025157
1 0.634138 0.518343 0.005307 0.015722
0 0.013143 0.522583 0.026286 0.179130
2 0.174529 0.525676 0.025943 0.057648
2 0.628536 0.591722 0.022406 0.045074