1 0.298940 0.478509 0.020047 0.036685
1 0.266216 0.509435 0.011203 0.018870
2 0.742039 0.562370 0.137380 0.066037
2 0.601417 0.556079 0.061323 0.032491
2 0.536263 0.555032 0.028891 0.017824
2 0.057784 0.549269 0.083724 0.069185
2 0.117333 0.549792 0.035375 0.040880
2 0.147698 0.548745 0.026531 0.030398
2 0.173052 0.545069 0.019458 0.025157
2 0.224060 0.545069 0.018870 0.027250
2 0.195164 0.543505 0.014151 0.019917
2 0.057784 0.549269 0.083724 0.069185
0 0.413617 0.559222 0.012380 0.068130
0 0.492042 0.574421 0.020635 0.085954
0 0.471109 0.570750 0.023583 0.097481
2 0.554833 0.556079 0.017688 0.017824