2 0.879997 0.717292 0.238964 0.462620
2 0.879997 0.717292 0.238964 0.462620
0 0.046000 0.626949 0.092000 0.406546
2 0.771904 0.631620 0.247078 0.266352
2 0.598862 0.581773 0.135807 0.144861
0 0.119596 0.637852 0.083234 0.362926
0 0.012266 0.502338 0.024531 0.185361
0 0.072281 0.478194 0.016646 0.043611
0 0.094628 0.505454 0.019276 0.082556
2 0.188815 0.587231 0.097255 0.193148
2 0.531833 0.570870 0.056073 0.113704
2 0.220792 0.549065 0.117406 0.126167
2 0.167349 0.479755 0.063083 0.021806
2 0.337326 0.519472 0.026286 0.029593
2 0.381133 0.514023 0.052568 0.087231
0 0.377630 0.534269 0.014021 0.068537
0 0.265479 0.500782 0.008760 0.032713
0 0.419685 0.530375 0.010516 0.048287
0 0.423190 0.531935 0.010516 0.042056
0 0.423190 0.531935 0.010516 0.042056
2 0.167349 0.479755 0.063083 0.021806