2 0.134435 0.559750 0.128536 0.174000
2 0.134435 0.559750 0.128536 0.174000
2 0.031839 0.556079 0.063677 0.070231
2 0.205484 0.559227 0.019458 0.032491
2 0.221995 0.561843 0.047760 0.052407
2 0.334315 0.572329 0.075474 0.054509
1 0.851122 0.488991 0.232901 0.084907
1 0.852596 0.396755 0.234672 0.091194
1 0.852299 0.179769 0.232901 0.359537
1 0.978807 0.511009 0.041344 0.066037
1 0.757367 0.541931 0.034786 0.037731
2 0.259435 0.563944 0.042453 0.050315
2 0.289799 0.566560 0.022995 0.040880
2 0.288326 0.533546 0.036557 0.029352
0 0.632594 0.582556 0.008760 0.043611
0 0.640922 0.579667 0.011792 0.050315