0 0.003536 0.546116 0.007073 0.088046
2 0.276534 0.570750 0.047172 0.068130
2 0.252948 0.568662 0.022406 0.059750
2 0.252948 0.568662 0.022406 0.059750
2 0.239682 0.566037 0.030073 0.058704
2 0.218161 0.563417 0.035375 0.053463
2 0.207253 0.558181 0.027714 0.049269
2 0.193396 0.556079 0.022406 0.051361
2 0.035375 0.542449 0.056604 0.059750
2 0.066336 0.542454 0.021818 0.053463
2 0.083724 0.539310 0.035375 0.051361
2 0.109378 0.543505 0.021818 0.038787
2 0.109378 0.543505 0.021818 0.038787
2 0.121464 0.542454 0.023583 0.036685
2 0.148878 0.537741 0.018276 0.029352
2 0.147112 0.526208 0.028891 0.016769
0 0.190448 0.535111 0.005896 0.015722
0 0.139740 0.541407 0.010615 0.036685
0 0.163914 0.552412 0.009432 0.067083
2 0.158018 0.562898 0.015328 0.048222
2 0.369104 0.567088 0.045990 0.104824
2 0.369104 0.567088 0.045990 0.104824
2 0.300120 0.577042 0.056604 0.072324