1 0.864977 0.404093 0.103776 0.105870
1 0.556604 0.527778 0.007073 0.013630
1 0.598174 0.517815 0.011203 0.020963
2 0.839622 0.568653 0.043630 0.032491
2 0.792451 0.567088 0.048349 0.023065
2 0.522406 0.550310 0.011792 0.027250
2 0.186911 0.553981 0.117927 0.076519
2 0.313385 0.555037 0.076062 0.063944
0 0.030070 0.656713 0.060141 0.428722
0 0.054833 0.516245 0.011792 0.049269
0 0.065154 0.514676 0.010026 0.052407
0 0.689857 0.569181 0.014151 0.054509
0 0.747643 0.579662 0.014151 0.056602
0 0.728482 0.575477 0.010026 0.064991