2 0.026534 0.562370 0.053068 0.135222
0 0.004422 0.483750 0.008844 0.026204
0 0.016214 0.484278 0.014740 0.031444
1 0.116451 0.421903 0.018276 0.032491
1 0.388857 0.404093 0.027714 0.074426
1 0.831076 0.509958 0.021818 0.061843
0 0.584023 0.601671 0.050120 0.188676
0 0.669813 0.609019 0.050708 0.190778
2 0.524766 0.595917 0.107312 0.103778
2 0.624409 0.589620 0.060141 0.107963
0 0.654482 0.568139 0.008255 0.050315
0 0.691628 0.582815 0.015328 0.098537
2 0.708435 0.578093 0.021818 0.026204
0 0.732016 0.573898 0.008844 0.045074
0 0.764445 0.573370 0.015922 0.071278
2 0.837852 0.607968 0.128536 0.136269