0 0.666865 0.584907 0.029479 0.111111
0 0.937203 0.626833 0.089031 0.303981
0 0.959646 0.645708 0.079667 0.255769
2 0.207844 0.593815 0.139740 0.126833
2 0.365859 0.570755 0.038323 0.040880
2 0.412734 0.563940 0.017688 0.025157
0 0.033315 0.558181 0.040682 0.128935
0 0.196049 0.527778 0.005307 0.013630
0 0.221107 0.521486 0.015328 0.019917
0 0.335495 0.556079 0.005896 0.038787
2 0.428656 0.564986 0.007073 0.016769
0 0.516214 0.561843 0.007667 0.039833
0 0.533018 0.563944 0.008255 0.039833
0 0.541568 0.567088 0.007667 0.033546
0 0.525060 0.564463 0.006484 0.036685
2 0.466391 0.570755 0.007073 0.011528
0 0.506779 0.565514 0.005307 0.019917
0 0.501474 0.564991 0.004125 0.020963
0 0.496167 0.566565 0.004125 0.015722
2 0.438682 0.568662 0.004719 0.009435