2 0.058372 0.578620 0.116745 0.211741
2 0.159201 0.557653 0.178068 0.148843
2 0.089034 0.490565 0.087266 0.041926
2 0.249703 0.552412 0.083135 0.117398
2 0.989422 0.853778 0.020115 0.235852
2 0.305719 0.539833 0.099646 0.109019
2 0.657135 0.580190 0.077240 0.093287
2 0.867076 0.639935 0.264807 0.338574
1 0.915094 0.351676 0.016510 0.047167
1 0.918633 0.428204 0.047172 0.103778
1 0.225237 0.418236 0.020047 0.046120
0 0.368216 0.537213 0.012380 0.047167
0 0.379125 0.533023 0.011792 0.059750
0 0.597583 0.541407 0.008844 0.053463
0 0.587263 0.538259 0.009432 0.053463
0 0.532135 0.539833 0.013562 0.062889
0 0.514445 0.538264 0.011203 0.059750