1 0.172461 0.384690 0.052474 0.077565
1 0.168633 0.453356 0.031839 0.051361
1 0.931013 0.394130 0.031839 0.048222
1 0.667159 0.446542 0.012380 0.023065
1 0.585789 0.486898 0.027714 0.042981
1 0.382076 0.522009 0.009432 0.020963
1 0.372643 0.483750 0.024766 0.055556
1 0.584315 0.523065 0.015328 0.029352
1 0.510315 0.502093 0.012380 0.020963
1 0.928656 0.497384 0.044813 0.038787
1 0.929542 0.462264 0.031250 0.025157
1 0.667159 0.465407 0.011203 0.010481
1 0.545401 0.503144 0.007073 0.016769
1 0.666865 0.479560 0.011792 0.011528
1 0.929542 0.433958 0.031250 0.025157
2 0.799232 0.645704 0.210495 0.192870
2 0.637385 0.597486 0.095521 0.106917
2 0.283607 0.555028 0.077828 0.068130
1 0.009729 0.466454 0.008844 0.012574
2 0.016214 0.501574 0.013562 0.034593
2 0.033312 0.513102 0.020635 0.013630
2 0.053654 0.518347 0.015328 0.019917
2 0.051299 0.511528 0.018870 0.029352
1 0.152714 0.476935 0.007073 0.012574
2 0.149766 0.524106 0.029479 0.027250
2 0.346698 0.534069 0.004719 0.011528
2 0.374411 0.542454 0.033021 0.024111
2 0.689562 0.566560 0.035969 0.040880
2 0.394753 0.542449 0.010026 0.019917
2 0.418339 0.542977 0.014740 0.023065
2 0.425411 0.533542 0.004125 0.006287
0 0.515628 0.551884 0.010026 0.019917
2 0.522701 0.547694 0.005307 0.013630
2 0.535969 0.552407 0.016510 0.029352
2 0.532432 0.544019 0.010615 0.012574
2 0.552182 0.548218 0.007667 0.025157
2 0.572229 0.551884 0.007667 0.032491
2 0.589914 0.553454 0.012380 0.031444
1 0.577831 0.500523 0.008255 0.011528
1 0.576945 0.509431 0.006484 0.006287
1 0.580190 0.540880 0.003536 0.008389
2 0.432193 0.535116 0.005896 0.009435