1 0.854703 0.344236 0.069219 0.146417
1 0.728096 0.475856 0.019276 0.048287
1 0.376315 0.468852 0.013141 0.024926
1 0.449911 0.500000 0.007885 0.015574
2 0.824911 0.633181 0.039427 0.101250
2 0.277305 0.539722 0.058703 0.054519
2 0.324182 0.546727 0.047313 0.049843
2 0.441589 0.551398 0.015771 0.028037
2 0.464805 0.550620 0.028911 0.038944
2 0.505112 0.555296 0.028911 0.042056
2 0.491089 0.550625 0.009635 0.032713
0 0.366677 0.542833 0.007885 0.029593
0 0.823159 0.557630 0.028911 0.068537
0 0.753945 0.573208 0.034172 0.102806
0 0.735544 0.573986 0.011391 0.091898
0 0.712323 0.566199 0.017521 0.045176