2 0.907169 0.705977 0.184620 0.464361
2 0.907169 0.705977 0.184620 0.464361
2 0.814565 0.657755 0.289505 0.302935
2 0.611437 0.595389 0.148583 0.153037
2 0.126182 0.611634 0.169813 0.231657
2 0.126182 0.611634 0.169813 0.231657
2 0.535672 0.580190 0.059552 0.122639
2 0.221401 0.559750 0.089031 0.129981
2 0.142984 0.486375 0.092573 0.023065
2 0.378245 0.522014 0.053656 0.088046
2 0.334315 0.526727 0.025943 0.028306
0 0.015333 0.534269 0.030667 0.196259
0 0.027159 0.484421 0.021026 0.077880
0 0.042930 0.521810 0.028036 0.118380
0 0.075789 0.492991 0.018401 0.042056
0 0.259781 0.514801 0.009635 0.045176
0 0.371495 0.542056 0.015771 0.068537
0 0.417057 0.538940 0.008760 0.046731
0 0.421437 0.541278 0.008760 0.042056