2 0.859081 0.725079 0.232182 0.369157
0 0.961479 0.600468 0.076000 0.216509
2 0.729409 0.654986 0.167349 0.216509
2 0.682971 0.585667 0.176109 0.165111
2 0.565130 0.567759 0.099885 0.113704
2 0.514310 0.559972 0.043807 0.095019
2 0.954471 0.836449 0.090016 0.267917
0 0.264047 0.577097 0.046198 0.204046
0 0.297172 0.588579 0.040094 0.181343
2 0.219042 0.576324 0.078854 0.155759
2 0.279932 0.600463 0.009635 0.070093
2 0.174359 0.557634 0.045562 0.090343
0 0.143253 0.538940 0.034172 0.171343
2 0.180930 0.521801 0.041182 0.037380
0 0.112591 0.535819 0.041182 0.190028
2 0.183995 0.491435 0.063083 0.038944
2 0.193633 0.507014 0.066589 0.032713
2 0.081919 0.515579 0.020151 0.118380
0 0.081919 0.515579 0.020151 0.118380
0 0.071341 0.514671 0.016516 0.115306
0 0.131865 0.476630 0.009635 0.031148
0 0.376750 0.532708 0.015771 0.065417
0 0.376943 0.533542 0.016156 0.064991
2 0.337323 0.515574 0.024531 0.028037
2 0.382076 0.512583 0.049526 0.079667
0 0.415305 0.524921 0.005255 0.046731
0 0.421875 0.528815 0.007885 0.038944
2 0.382076 0.512583 0.049526 0.079667
0 0.376943 0.533542 0.016156 0.064991
0 0.264047 0.577097 0.046198 0.204046
0 0.264047 0.577097 0.046198 0.204046
0 0.297172 0.588579 0.040094 0.181343
0 0.297172 0.588579 0.040094 0.181343
0 0.264047 0.577097 0.046198 0.204046
0 0.376943 0.533542 0.016156 0.064991
0 0.071341 0.514671 0.016516 0.115306