2 0.956107 0.566560 0.086745 0.263102
2 0.265922 0.556083 0.090802 0.103778
2 0.393573 0.548218 0.032427 0.035639
2 0.552773 0.543500 0.022995 0.013630
2 0.523289 0.545602 0.028891 0.024111
2 0.473760 0.523060 0.037146 0.016769
2 0.438388 0.540880 0.015922 0.018870
2 0.429539 0.537208 0.005307 0.011528
2 0.452242 0.535639 0.003536 0.010481
1 0.748526 0.437106 0.031250 0.056602
0 0.568635 0.568532 0.022781 0.062306
2 0.480141 0.583338 0.078854 0.116824
0 0.568635 0.568532 0.022781 0.062306
2 0.568633 0.584111 0.012266 0.028037