2 0.381193 0.558176 0.008844 0.024111
2 0.871497 0.733755 0.255964 0.408806
2 0.724943 0.665093 0.166865 0.248426
2 0.433667 0.551366 0.064271 0.115306
2 0.084612 0.629454 0.169224 0.275685
2 0.155365 0.581236 0.058375 0.149898
2 0.183375 0.578097 0.050708 0.120546
2 0.201651 0.552935 0.035375 0.063944
2 0.159195 0.511528 0.088443 0.031444
0 0.391208 0.570866 0.014896 0.079435
0 0.266357 0.549065 0.010516 0.057630
0 0.272487 0.531153 0.005255 0.018694
0 0.292638 0.549060 0.012266 0.063861
0 0.480143 0.572431 0.010516 0.060750
0 0.486273 0.573213 0.012266 0.056074
0 0.562937 0.581000 0.007885 0.056074