1 0.455172 0.511676 0.007885 0.017130
1 0.619891 0.524921 0.007885 0.021806
1 0.587031 0.506227 0.015771 0.034269
1 0.492404 0.526477 0.005255 0.009343
2 0.249273 0.535046 0.056953 0.070093
2 0.404786 0.546722 0.017521 0.031148
2 0.425380 0.551407 0.021906 0.024926
2 0.486273 0.557630 0.010516 0.015574
2 0.500732 0.558417 0.018401 0.026481
2 0.526141 0.560750 0.016646 0.024926
0 0.757013 0.607481 0.033297 0.177574
0 0.364047 0.542060 0.016646 0.059194
0 0.386391 0.546727 0.014021 0.062306
0 0.622516 0.570097 0.009635 0.046731
0 0.629526 0.570097 0.009635 0.046731
0 0.637411 0.563866 0.007885 0.034269