2 0.161557 0.636787 0.323115 0.258907
2 0.888891 0.728514 0.221177 0.297694
2 0.759729 0.650421 0.230542 0.200213
2 0.138562 0.472227 0.158021 0.221176
2 0.032135 0.484806 0.064271 0.145704
2 0.491159 0.589620 0.075474 0.107963
2 0.645638 0.607440 0.053068 0.101676
2 0.645638 0.607440 0.053068 0.101676
2 0.655956 0.579139 0.118516 0.114259
2 0.582250 0.594343 0.038323 0.081759
2 0.586380 0.549796 0.035969 0.042981
2 0.309260 0.535111 0.024177 0.036685
2 0.382078 0.556083 0.050708 0.055556
2 0.410081 0.550838 0.046578 0.051361
2 0.443393 0.545074 0.043630 0.050315
0 0.733786 0.535639 0.014740 0.020963
0 0.768279 0.525676 0.014151 0.047167
1 0.652120 0.504722 0.011792 0.034593