2 0.228682 0.573208 0.092875 0.102806
2 0.033294 0.528037 0.028036 0.015574
2 0.072721 0.526477 0.021026 0.018694
2 0.147195 0.531153 0.019276 0.021806
2 0.169974 0.545171 0.047313 0.037380
1 0.315859 0.524144 0.009635 0.020250
2 0.363612 0.550625 0.035047 0.023361
1 0.756570 0.472745 0.044682 0.020250
1 0.757883 0.507792 0.021026 0.034269
2 0.434581 0.557630 0.010516 0.015574
2 0.454729 0.564639 0.015771 0.026481
2 0.597544 0.567755 0.012266 0.020250
0 0.614388 0.580718 0.012974 0.054509
2 0.614682 0.597481 0.004125 0.029352
2 0.469042 0.541931 0.026531 0.027250
0 0.575768 0.573375 0.005307 0.027250
0 0.569573 0.571801 0.005896 0.022009
2 0.469047 0.564995 0.014740 0.023065
2 0.479070 0.564991 0.011203 0.020963
2 0.490859 0.562889 0.014740 0.020963
2 0.502654 0.557134 0.017099 0.028306
2 0.516807 0.566560 0.013562 0.019917
2 0.524766 0.563935 0.005896 0.012574
2 0.531253 0.563412 0.008255 0.011528
2 0.538911 0.560796 0.007073 0.012574
2 0.546284 0.559227 0.006484 0.009435