2 0.021466 0.595019 0.042932 0.205611
2 0.065276 0.584116 0.125292 0.174454
2 0.065276 0.584116 0.125292 0.174454
0 0.626898 0.590343 0.020151 0.109037
0 0.634344 0.591903 0.017521 0.093454
0 0.634344 0.591903 0.017521 0.093454
0 0.769714 0.605921 0.014896 0.090343
2 0.083237 0.538157 0.166474 0.154204
2 0.083237 0.538157 0.166474 0.154204
2 0.558992 0.552181 0.122661 0.213398
2 0.478388 0.559972 0.035047 0.038944
0 0.342583 0.579435 0.031542 0.152648
0 0.285630 0.551398 0.017521 0.096574
0 0.285630 0.551398 0.017521 0.096574
0 0.326370 0.551403 0.016646 0.105917
2 0.251471 0.515194 0.022995 0.057648