2 0.144161 0.587005 0.149177 0.085954
1 0.518865 0.463843 0.023583 0.042981
1 0.543630 0.502097 0.010615 0.025157
1 0.519164 0.494231 0.015922 0.015722
1 0.519456 0.512056 0.015328 0.015722
1 0.519456 0.529347 0.015328 0.014676
1 0.283313 0.486894 0.038323 0.022009
1 0.282724 0.506287 0.038323 0.020963
1 0.282724 0.525681 0.038323 0.019917
1 0.281547 0.545074 0.037146 0.018870
1 0.281547 0.564986 0.037146 0.016769
2 0.418044 0.568139 0.047172 0.039833
2 0.550411 0.561847 0.002948 0.016769
2 0.563974 0.558181 0.007667 0.019917
0 0.938974 0.599056 0.031250 0.118444
0 0.622641 0.575468 0.010615 0.056602
0 0.609375 0.561324 0.007667 0.042981
0 0.484966 0.553986 0.006484 0.028306
0 0.598169 0.561319 0.006484 0.030398
2 0.598172 0.571801 0.004125 0.017824