1 0.750297 0.565514 0.014740 0.051361
1 0.630602 0.476412 0.010026 0.022009
2 0.136794 0.591722 0.206370 0.175056
2 0.280070 0.576523 0.087266 0.094343
2 0.280070 0.576523 0.087266 0.094343
2 0.357016 0.562898 0.054833 0.069185
2 0.500294 0.547699 0.010026 0.017824
2 0.394164 0.556602 0.027714 0.050315
2 0.443393 0.538259 0.031839 0.055556
0 0.523289 0.558176 0.005307 0.024111
0 0.006190 0.538778 0.012380 0.052407
0 0.025057 0.540356 0.014740 0.051361
0 0.419516 0.548222 0.004125 0.018870
0 0.423940 0.547690 0.003536 0.019917