2 0.076945 0.614778 0.153891 0.288259
1 0.898586 0.539306 0.008255 0.024111
2 0.178362 0.588051 0.186911 0.199157
2 0.495576 0.577565 0.045401 0.050315
2 0.473464 0.567616 0.029479 0.038787
2 0.452828 0.553981 0.028302 0.045074
2 0.371758 0.584380 0.074880 0.105870
2 0.357609 0.535639 0.041865 0.039833
0 0.518576 0.566560 0.010026 0.051361
0 0.532721 0.573370 0.012380 0.052407
0 0.550706 0.580708 0.014151 0.056602
0 0.566625 0.581236 0.011792 0.061843
0 0.586380 0.583861 0.014740 0.060796
0 0.584315 0.559227 0.008255 0.019917
0 0.595224 0.589102 0.014740 0.071278
0 0.637383 0.601157 0.012974 0.045074
0 0.646224 0.600634 0.005896 0.033546
0 0.652711 0.599579 0.014151 0.077565
0 0.660083 0.595389 0.008844 0.081759
0 0.666568 0.604296 0.007667 0.047167
0 0.716393 0.605347 0.018870 0.080713
0 0.760023 0.613213 0.021224 0.098537
0 0.782727 0.617926 0.017099 0.084907
0 0.793924 0.615829 0.017099 0.091194
0 0.806896 0.623162 0.020635 0.091194
0 0.838440 0.631551 0.009432 0.093287
0 0.864094 0.631551 0.025354 0.101676
0 0.912148 0.638366 0.025943 0.115306
0 0.951943 0.647273 0.032427 0.112157
2 0.439862 0.556602 0.012974 0.029352
2 0.434258 0.552935 0.015922 0.026204
2 0.407727 0.537208 0.011203 0.019917
2 0.414503 0.548745 0.009432 0.019917
2 0.425117 0.550310 0.015328 0.025157
0 0.458138 0.559227 0.008255 0.040880
2 0.452828 0.553981 0.028302 0.045074