2 0.063385 0.410903 0.126771 0.821806
2 0.063385 0.410903 0.126771 0.821806
0 0.969365 0.773361 0.060229 0.403426
0 0.710135 0.655764 0.148073 0.439250
0 0.854266 0.646421 0.147198 0.535824
0 0.872664 0.641745 0.113901 0.283491
0 0.424503 0.569310 0.028911 0.147972
0 0.300964 0.556852 0.030667 0.126167
0 0.279497 0.551403 0.021026 0.121491
0 0.263724 0.544394 0.017521 0.091898
0 0.242260 0.542060 0.023656 0.102806
0 0.158148 0.543611 0.027161 0.109037
0 0.179615 0.535819 0.024531 0.121491
0 0.347841 0.559190 0.010516 0.102806
0 0.141503 0.525699 0.013141 0.060750