1 0.243578 0.447042 0.014021 0.021806
0 0.183117 0.545171 0.021026 0.087231
1 0.680344 0.553741 0.006135 0.026481
1 0.591411 0.521806 0.008760 0.015574
1 0.381133 0.527259 0.005255 0.010907
2 0.304031 0.540500 0.031542 0.024926
2 0.261536 0.537380 0.006135 0.015574
2 0.394716 0.541278 0.025411 0.017130
2 0.447721 0.545954 0.010516 0.010907
2 0.463055 0.550620 0.011391 0.017130
2 0.472258 0.550620 0.010516 0.017130
2 0.473568 0.534264 0.021906 0.021806
2 0.480141 0.551398 0.008760 0.015574
2 0.490216 0.549843 0.011391 0.015574
2 0.499852 0.545176 0.013141 0.024926
2 0.511245 0.547509 0.009635 0.017130
2 0.521323 0.549065 0.007010 0.010907
2 0.529208 0.548282 0.007010 0.009343
2 0.537094 0.549847 0.007010 0.009343
0 0.775849 0.587231 0.021906 0.040500
2 0.774969 0.596569 0.023656 0.021806
0 0.652310 0.573991 0.011391 0.042056
2 0.651872 0.594236 0.010516 0.032713