2 0.475823 0.601676 0.069573 0.098537
2 0.895935 0.599051 0.021818 0.032491
2 0.891508 0.589097 0.030661 0.025157
2 0.989128 0.574426 0.020703 0.058704
0 0.099008 0.578657 0.043807 0.085667
0 0.401724 0.584111 0.021906 0.096574
0 0.613758 0.595019 0.034172 0.168222
0 0.654937 0.598907 0.032417 0.163556
0 0.801255 0.603579 0.007885 0.091898
0 0.845068 0.619157 0.006135 0.026481
0 0.826227 0.584894 0.010516 0.035824
0 0.927865 0.604361 0.022781 0.099685
0 0.949331 0.606694 0.018401 0.098130
0 0.912091 0.592676 0.012266 0.054519
0 0.964221 0.590343 0.011391 0.056074
0 0.976492 0.594236 0.011391 0.048287
0 0.867409 0.648755 0.096380 0.244546
2 0.875729 0.711060 0.141062 0.157324