2 0.522404 0.575468 0.071932 0.077565
2 0.522404 0.575468 0.071932 0.077565
2 0.522404 0.575468 0.071932 0.077565
2 0.575768 0.573903 0.040682 0.049269
2 0.694573 0.589097 0.062500 0.077565
2 0.121167 0.538259 0.038323 0.057648
2 0.205484 0.523065 0.064271 0.050315
2 0.613208 0.570755 0.038917 0.040880
2 0.648583 0.569185 0.033021 0.041926
1 0.216979 0.379454 0.022406 0.039833
1 0.215802 0.412468 0.022406 0.032491
1 0.816625 0.514153 0.007073 0.017824
0 0.806307 0.578616 0.013562 0.073380
0 0.788622 0.576519 0.015922 0.071278
0 0.775943 0.572324 0.005896 0.029352
0 0.664799 0.563940 0.006484 0.027250
1 0.525354 0.488472 0.004719 0.029352
1 0.428359 0.483231 0.007667 0.020963
1 0.268279 0.487944 0.014151 0.036685
0 0.052773 0.565519 0.051297 0.206500
0 0.052773 0.565519 0.051297 0.206500
0 0.030659 0.554505 0.048349 0.197065