2 0.983823 0.595019 0.031313 0.112148
2 0.973862 0.626949 0.013141 0.051398
2 0.698742 0.591898 0.113026 0.109037
0 0.502482 0.569310 0.025411 0.104361
2 0.505990 0.596574 0.023656 0.071648
0 0.485836 0.563083 0.020151 0.054519
0 0.473570 0.555296 0.013141 0.070093
0 0.459112 0.559190 0.012266 0.065417
0 0.451661 0.565417 0.009635 0.056074
0 0.415740 0.556069 0.007885 0.037380
0 0.403036 0.546727 0.014021 0.059194
1 0.139750 0.479745 0.006135 0.009343
2 0.047310 0.513245 0.036797 0.045176
2 0.114779 0.522588 0.064839 0.051398