1 0.676591 0.546648 0.010026 0.015722
0 0.765922 0.635745 0.061323 0.263102
1 0.561909 0.557134 0.009432 0.017824
1 0.407135 0.517819 0.007667 0.014676
2 0.273880 0.593292 0.162146 0.127880
0 0.863797 0.645704 0.086083 0.320759
2 0.443398 0.564463 0.070755 0.084907
0 0.812797 0.618972 0.043042 0.196019
2 0.069281 0.524630 0.138563 0.084907
2 0.216982 0.534065 0.075474 0.055556
2 0.190445 0.512574 0.021224 0.020963
2 0.286260 0.526736 0.059552 0.017824
2 0.331370 0.534597 0.028302 0.033546
2 0.386792 0.544546 0.057781 0.045074
1 0.805422 0.537736 0.005896 0.016769
1 0.700469 0.537213 0.017688 0.007333
1 0.699589 0.526731 0.025354 0.013630
1 0.699589 0.514153 0.025354 0.011528
1 0.676297 0.546116 0.010615 0.016769
0 0.654185 0.583329 0.018276 0.072324
2 0.651831 0.606398 0.005307 0.042981
2 0.614977 0.575468 0.064859 0.077565