0 0.949766 0.637069 0.040302 0.146417
0 0.888875 0.627722 0.046437 0.152648
1 0.118721 0.517917 0.018401 0.042056
1 0.122661 0.479750 0.022781 0.012463
1 0.124417 0.464954 0.024531 0.017130
2 0.148513 0.549069 0.056953 0.032713
1 0.049943 0.430681 0.054323 0.023361
1 0.049505 0.454051 0.053448 0.023361
1 0.048625 0.476639 0.055198 0.024926
2 0.332943 0.545944 0.015771 0.017130
1 0.307534 0.508565 0.010516 0.017130
0 0.254086 0.566977 0.012266 0.062306
2 0.251021 0.581773 0.006135 0.035824
2 0.242258 0.556074 0.020151 0.031148
2 0.261974 0.555296 0.008760 0.029593
1 0.226049 0.517912 0.005255 0.007787