2 0.957878 0.807130 0.083203 0.320759
2 0.851117 0.686056 0.296578 0.367926
2 0.629716 0.603773 0.172172 0.167713
2 0.542456 0.584907 0.064859 0.132074
2 0.086380 0.609019 0.172760 0.262056
2 0.193396 0.552935 0.113208 0.145704
2 0.333138 0.523056 0.025943 0.031444
2 0.135023 0.473273 0.094339 0.019917
0 0.012266 0.469625 0.024531 0.091898
0 0.012266 0.469625 0.024531 0.091898
0 0.027161 0.462616 0.017521 0.034269
0 0.040742 0.466514 0.011391 0.020250
0 0.066148 0.467292 0.011391 0.018694
0 0.232185 0.499222 0.010516 0.029593
0 0.237880 0.501560 0.006135 0.034269
0 0.253211 0.511685 0.010516 0.057630
0 0.364927 0.539722 0.014896 0.066981
0 0.416617 0.535829 0.011391 0.049843
0 0.421878 0.538157 0.011391 0.042056
2 0.376771 0.519917 0.055427 0.092241
2 0.376771 0.519917 0.055427 0.092241