1 0.638289 0.474301 0.020151 0.035824
1 0.429763 0.555301 0.018401 0.032713
1 0.398654 0.510125 0.012266 0.023361
1 0.655813 0.538157 0.009635 0.017130
1 0.667203 0.538940 0.007885 0.018694
1 0.616385 0.487542 0.009635 0.034269
1 0.609810 0.489097 0.005255 0.021806
1 0.586156 0.535824 0.007010 0.024926
1 0.589221 0.511685 0.020151 0.026481
1 0.586156 0.535824 0.007010 0.024926
1 0.589221 0.492991 0.020151 0.010907
2 0.376315 0.557630 0.074474 0.084111
2 0.415740 0.550625 0.016646 0.032713
2 0.442026 0.559190 0.009635 0.021806
2 0.759198 0.591903 0.016646 0.077880
2 0.742552 0.583333 0.023656 0.038944
2 0.736417 0.576319 0.039427 0.037380
0 0.636971 0.608255 0.036797 0.157324
0 0.063521 0.545171 0.039427 0.133954