2 0.112911 0.555032 0.043042 0.070231
2 0.249703 0.571806 0.019458 0.036685
2 0.771818 0.556079 0.033021 0.017824
1 0.696346 0.461222 0.053068 0.058704
1 0.593747 0.519394 0.009432 0.017824
2 0.803065 0.555560 0.015328 0.025157
2 0.640622 0.591722 0.143276 0.105870
2 0.366747 0.553463 0.053068 0.039833
2 0.568398 0.549792 0.047172 0.051361
0 0.023586 0.636269 0.047172 0.444444
0 0.150354 0.524634 0.040094 0.099583
0 0.267688 0.595917 0.034198 0.185537
0 0.298352 0.598528 0.041276 0.192870
0 0.689562 0.561324 0.008844 0.042981
0 0.738208 0.569185 0.011792 0.050315
0 0.720521 0.565509 0.010615 0.055556