2 0.095813 0.615306 0.191625 0.222222
2 0.206073 0.590671 0.206958 0.170861
2 0.897734 0.638889 0.203490 0.248426
0 0.291273 0.530917 0.020047 0.047167
0 0.318987 0.530926 0.009432 0.045074
2 0.785672 0.608486 0.094927 0.143602
2 0.360260 0.570755 0.091979 0.080713
2 0.739977 0.593296 0.037734 0.090148
2 0.739977 0.593296 0.037734 0.090148
2 0.768279 0.573898 0.149766 0.135222
0 0.642096 0.571806 0.025943 0.084907
2 0.487323 0.567083 0.099646 0.058704
2 0.533315 0.561324 0.022995 0.042981
2 0.533315 0.561324 0.022995 0.042981
2 0.527419 0.554509 0.061911 0.062889