2 0.967016 0.609014 0.064927 0.226417
2 0.967016 0.609014 0.064927 0.226417
2 0.867333 0.634694 0.079010 0.158278
2 0.817219 0.621069 0.084906 0.128935
2 0.767687 0.614255 0.069573 0.106917
2 0.817219 0.621069 0.084906 0.128935
2 0.750294 0.578616 0.057193 0.054509
2 0.718161 0.566042 0.061323 0.054509
2 0.680716 0.573380 0.040682 0.060796
2 0.661854 0.569181 0.024177 0.054509
2 0.513857 0.580713 0.034786 0.060796
2 0.547172 0.585954 0.011792 0.052407
2 0.501180 0.570759 0.024766 0.055556
2 0.578125 0.544028 0.032427 0.058704
0 0.937497 0.700935 0.106891 0.401870
2 0.964547 0.766356 0.069865 0.271028
0 0.410049 0.589565 0.026286 0.138630
0 0.450352 0.566204 0.021026 0.054519
0 0.462615 0.628505 0.015771 0.073213
0 0.537964 0.578657 0.017521 0.098130
0 0.713641 0.609032 0.032417 0.087231
0 0.635659 0.595014 0.020151 0.102806
0 0.561625 0.581773 0.015771 0.088787
0 0.569510 0.566977 0.007010 0.059194
0 0.580461 0.569315 0.013141 0.057630
0 0.580461 0.569315 0.013141 0.057630
0 0.569510 0.566977 0.007010 0.059194
2 0.714953 0.617602 0.038552 0.057630