1 0.275646 0.536157 0.026531 0.047167
1 0.513263 0.516245 0.018276 0.030398
2 0.429542 0.557125 0.059552 0.112157
1 0.546878 0.481130 0.039505 0.018870
1 0.546578 0.460167 0.040094 0.020963
1 0.548055 0.498426 0.027714 0.013630
1 0.724648 0.496329 0.020047 0.030398
2 0.014445 0.503667 0.028891 0.015722
2 0.049529 0.509958 0.042453 0.019917
0 0.088740 0.525685 0.019458 0.063944
2 0.089622 0.537213 0.054245 0.045074
2 0.595227 0.555556 0.021818 0.012574
0 0.619102 0.577046 0.025943 0.107963
2 0.616448 0.613204 0.008844 0.062889
2 0.648878 0.562375 0.034786 0.028306
2 0.706958 0.566037 0.062500 0.058704
2 0.672760 0.565514 0.007073 0.022009
1 0.790685 0.531449 0.008255 0.016769
1 0.791271 0.508912 0.011792 0.022009
1 0.773880 0.556602 0.004125 0.008389
2 0.809849 0.573375 0.037146 0.027250