2 0.937240 0.870023 0.124479 0.228509
2 0.732609 0.658806 0.245875 0.246333
2 0.607313 0.606389 0.101417 0.137315
2 0.548643 0.580718 0.063089 0.094343
2 0.264740 0.591194 0.095521 0.121593
2 0.474646 0.605866 0.095521 0.146750
2 0.330776 0.575468 0.057781 0.077565
2 0.524766 0.542454 0.011792 0.026204
1 0.540094 0.494236 0.005896 0.017824
2 0.169539 0.665884 0.106016 0.204046
2 0.169539 0.666625 0.106016 0.205528
0 0.171729 0.508569 0.015771 0.023361
0 0.171729 0.508569 0.015771 0.023361
0 0.149828 0.507782 0.014021 0.009343
0 0.184849 0.601153 0.071344 0.271491
2 0.169539 0.666625 0.106016 0.205528
2 0.087854 0.629977 0.175708 0.236898
2 0.223172 0.617398 0.019458 0.129981
2 0.177773 0.617921 0.022995 0.091194
2 0.521760 0.556074 0.021906 0.052963
2 0.496789 0.536606 0.043807 0.048287