2 0.705187 0.602722 0.057781 0.081759
0 0.014896 0.542060 0.029792 0.034269
0 0.077979 0.537389 0.045562 0.081000
0 0.221669 0.556074 0.019276 0.028037
0 0.329878 0.564639 0.034172 0.054519
0 0.395591 0.584111 0.056953 0.096574
0 0.842432 0.647972 0.111271 0.333333
0 0.904646 0.607472 0.023656 0.112148
0 0.873977 0.575546 0.025411 0.057630
0 0.650120 0.586449 0.014021 0.076324
0 0.650120 0.586449 0.014021 0.076324
0 0.519130 0.609815 0.046437 0.222741
0 0.541031 0.598907 0.023656 0.207167
2 0.841560 0.727412 0.167349 0.230528