2 0.874740 0.695481 0.249479 0.238315
2 0.928737 0.552963 0.026286 0.084111
2 0.025409 0.725852 0.050818 0.208722
2 0.025409 0.725852 0.050818 0.208722
2 0.024094 0.548282 0.048188 0.077880
2 0.118721 0.558412 0.151578 0.225861
2 0.658005 0.566199 0.045562 0.032713
2 0.693487 0.568537 0.027161 0.028037
2 0.658005 0.566199 0.045562 0.032713
2 0.906396 0.580218 0.016646 0.023361
2 0.810893 0.573208 0.027161 0.018694
2 0.706190 0.563861 0.028036 0.024926
2 0.731161 0.566981 0.021906 0.024926
2 0.762706 0.566977 0.028911 0.021806
1 0.763141 0.514019 0.007010 0.024926
1 0.764018 0.532713 0.005255 0.012463
1 0.732917 0.530370 0.007885 0.014019
1 0.731161 0.543611 0.006135 0.015574
1 0.484083 0.519472 0.053448 0.029593
1 0.402599 0.514796 0.063958 0.029593
1 0.402602 0.485208 0.065714 0.032713
1 0.405229 0.396417 0.069219 0.151093
1 0.427573 0.292056 0.022781 0.057630
2 0.047313 0.541282 0.017521 0.045176
0 0.664576 0.580995 0.020151 0.065417
0 0.671146 0.573213 0.008760 0.068537
0 0.376753 0.549843 0.080609 0.043611
0 0.506193 0.556079 0.007667 0.028306
2 0.506779 0.564995 0.006484 0.023065