2 0.937240 0.702829 0.124479 0.281972
2 0.700766 0.639412 0.223469 0.167713
2 0.484667 0.609542 0.097875 0.151991
2 0.594927 0.545602 0.057781 0.053463
2 0.632370 0.567088 0.019458 0.023065
2 0.551000 0.541926 0.031250 0.041926
1 0.785081 0.444440 0.017099 0.037731
1 0.785672 0.476412 0.014740 0.022009
1 0.785672 0.496333 0.014740 0.015722
0 0.176549 0.553741 0.027161 0.138630
0 0.437208 0.549065 0.008760 0.038944
0 0.287820 0.532713 0.013141 0.056074
1 0.230544 0.458597 0.012974 0.022009
1 0.445167 0.508907 0.005896 0.015722