2 0.933703 0.786157 0.131552 0.385741
2 0.859409 0.667190 0.280141 0.351157
2 0.706370 0.627361 0.051885 0.154093
2 0.704896 0.570231 0.077240 0.140463
2 0.593164 0.581764 0.075474 0.096435
2 0.035672 0.575468 0.060729 0.096435
2 0.036557 0.545069 0.073115 0.096435
2 0.036557 0.545069 0.073115 0.096435
2 0.234667 0.564986 0.148583 0.106917
2 0.168924 0.523579 0.028891 0.032491
2 0.190745 0.516773 0.059552 0.023065
2 0.248229 0.512056 0.069573 0.026204
2 0.321935 0.555551 0.093161 0.085954
2 0.362617 0.551889 0.047172 0.076519
2 0.393573 0.542977 0.065448 0.073380
0 0.995612 0.518866 0.007734 0.033546
0 0.451945 0.541931 0.006484 0.035639
0 0.457255 0.536157 0.007667 0.047167
0 0.573406 0.523056 0.007667 0.020963
0 0.558961 0.536685 0.009432 0.048222
0 0.610557 0.524106 0.007667 0.016769
0 0.619990 0.535111 0.007667 0.036685
1 0.775651 0.462787 0.025354 0.063944
1 0.332549 0.458069 0.012974 0.033546