2 0.423352 0.563944 0.093161 0.098537
2 0.355839 0.543505 0.025354 0.040880
2 0.504128 0.553981 0.041276 0.055556
2 0.383846 0.541931 0.012974 0.037731
1 0.749411 0.399898 0.051885 0.084907
0 0.617922 0.574944 0.011792 0.068130
0 0.584612 0.570755 0.015922 0.089102
0 0.606133 0.567606 0.018870 0.093287
0 0.579008 0.564991 0.009432 0.079667
0 0.613208 0.535639 0.007073 0.020963
0 0.462854 0.535116 0.007073 0.028306
0 0.392687 0.519389 0.007073 0.034593
0 0.373232 0.536167 0.012974 0.066037
0 0.155956 0.527778 0.022995 0.103778
0 0.173055 0.546648 0.015922 0.055556
0 0.184549 0.527255 0.014151 0.075472
0 0.110260 0.502616 0.022406 0.072324