2 0.494398 0.576519 0.113797 0.142556
2 0.301003 0.520435 0.034786 0.097481
2 0.301003 0.520435 0.034786 0.097481
0 0.831076 0.705972 0.140922 0.430815
0 0.436914 0.558171 0.012974 0.072324
0 0.323997 0.536685 0.012380 0.060796
0 0.339622 0.527773 0.015328 0.040880
0 0.363797 0.545069 0.011792 0.056602
0 0.374706 0.547167 0.010026 0.052407
0 0.372049 0.524634 0.009432 0.019917
2 0.338737 0.561324 0.010026 0.053463
2 0.324292 0.551884 0.017688 0.040880
2 0.301003 0.520435 0.034786 0.097481
2 0.301003 0.520435 0.034786 0.097481