2 0.130896 0.682917 0.261792 0.319704
1 0.794516 0.408806 0.026531 0.050315
1 0.298352 0.418236 0.018870 0.054509
2 0.298352 0.612685 0.133255 0.147796
2 0.130896 0.682917 0.261792 0.319704
2 0.298352 0.612685 0.133255 0.147796
2 0.391807 0.593810 0.076062 0.093287
2 0.434549 0.583856 0.037734 0.067083
2 0.434549 0.583856 0.037734 0.067083
2 0.470518 0.581236 0.012974 0.051361
2 0.555719 0.622120 0.098469 0.158278
2 0.555719 0.622120 0.098469 0.158278
2 0.882109 0.776731 0.234740 0.396222
2 0.739974 0.647796 0.154479 0.161426
2 0.660378 0.606398 0.075474 0.105870
2 0.660378 0.606398 0.075474 0.105870
2 0.624411 0.592773 0.035375 0.078620
2 0.604953 0.580718 0.028302 0.064991
0 0.265919 0.536606 0.027161 0.048287
0 0.361419 0.545171 0.011391 0.021806
0 0.375875 0.538944 0.007010 0.012463
1 0.610555 0.520440 0.005307 0.011528
1 0.795125 0.450157 0.021906 0.031148
1 0.795562 0.477412 0.022781 0.023361
2 0.456044 0.596579 0.013141 0.059194
0 0.458135 0.574944 0.016510 0.084907
2 0.580023 0.545171 0.033297 0.018694