1 0.818984 0.385750 0.034198 0.098537
1 0.888266 0.545074 0.060729 0.153037
2 0.888268 0.703356 0.159786 0.228509
2 0.573703 0.584380 0.084906 0.124741
2 0.534786 0.548222 0.028302 0.029352
2 0.372643 0.545074 0.020047 0.041926
2 0.406544 0.552935 0.028891 0.053463
0 0.385320 0.555560 0.022995 0.075472
0 0.443102 0.574421 0.015922 0.083861
0 0.529779 0.575991 0.015922 0.076519
0 0.515622 0.570227 0.017099 0.088046
0 0.474643 0.569704 0.015328 0.087000
0 0.464625 0.561843 0.005896 0.039833
0 0.456664 0.562894 0.011203 0.035639
0 0.432781 0.552931 0.005896 0.030398