2 0.502362 0.577042 0.047172 0.072324
2 0.047464 0.569704 0.094927 0.196019
2 0.164208 0.576519 0.150354 0.123685
2 0.164208 0.576519 0.150354 0.123685
2 0.282430 0.562366 0.088443 0.080713
2 0.447523 0.554505 0.031839 0.025157
2 0.467279 0.554505 0.015922 0.025157
2 0.351708 0.556602 0.053656 0.060796
1 0.656841 0.471694 0.015328 0.031444
0 0.620872 0.576519 0.024766 0.113204
0 0.596404 0.549792 0.006484 0.038787
0 0.589034 0.577565 0.025943 0.113204
1 0.572818 0.507856 0.014740 0.022009
0 0.563091 0.561847 0.008255 0.033546
2 0.559846 0.573898 0.017099 0.015722
0 0.541565 0.561319 0.006484 0.032491
0 0.527122 0.559222 0.009432 0.034593
0 0.426297 0.546116 0.005896 0.037731
0 0.377651 0.545074 0.004125 0.029352
0 0.372643 0.533542 0.003536 0.014676