1 0.131190 0.344866 0.096109 0.205454
1 0.751474 0.319708 0.077240 0.134176
1 0.761201 0.419287 0.021224 0.058704
1 0.838443 0.430296 0.028302 0.053463
1 0.838740 0.472745 0.020635 0.027250
1 0.886206 0.544551 0.018870 0.038787
1 0.169518 0.490565 0.033609 0.081759
1 0.553656 0.501051 0.005896 0.016769
2 0.368516 0.560269 0.044813 0.057648
2 0.412443 0.550838 0.020635 0.032491
2 0.228185 0.561324 0.109672 0.076519
2 0.699294 0.579667 0.087266 0.092241
2 0.668927 0.580190 0.059552 0.061843
2 0.432781 0.544028 0.007073 0.010481
2 0.437203 0.544028 0.002948 0.008389
2 0.426591 0.542981 0.006484 0.008389
1 0.887086 0.574421 0.017099 0.016769
2 0.654479 0.573903 0.063677 0.061843
2 0.616747 0.581236 0.018870 0.038787
2 0.897404 0.581236 0.021224 0.070231
2 0.863500 0.587523 0.043042 0.082806
2 0.806602 0.578616 0.049526 0.085954
2 0.734081 0.610065 0.012974 0.048222
2 0.751182 0.605870 0.010615 0.058704
2 0.760023 0.604824 0.002359 0.058704
2 0.621758 0.555028 0.034786 0.026204
0 0.597289 0.574421 0.021224 0.044028
0 0.592867 0.565514 0.010026 0.028306
0 0.581073 0.560273 0.008844 0.051361
2 0.573997 0.570236 0.010026 0.023065
2 0.590799 0.557125 0.015328 0.019917
2 0.322523 0.544023 0.012974 0.016769
2 0.157427 0.563417 0.017688 0.066037
2 0.179247 0.542977 0.008255 0.014676
2 0.125883 0.563944 0.022995 0.071278
2 0.310729 0.544023 0.005896 0.014676
2 0.104065 0.568657 0.018276 0.063944
2 0.075174 0.577046 0.022995 0.045074