2 0.441625 0.581241 0.068396 0.105870
2 0.476120 0.554509 0.020635 0.029352
2 0.410672 0.548218 0.019458 0.027250
2 0.360849 0.539310 0.017688 0.030398
2 0.377654 0.541403 0.017099 0.028306
2 0.407133 0.533019 0.045401 0.036685
2 0.262380 0.518866 0.011792 0.016769
2 0.155367 0.514153 0.073703 0.040880
2 0.030661 0.488468 0.061323 0.035639
2 0.185734 0.508389 0.061323 0.031444
0 0.638560 0.579144 0.031839 0.172954
0 0.519753 0.566565 0.011203 0.066037
2 0.521815 0.582282 0.018870 0.049269
0 0.397997 0.541931 0.008255 0.035639