1 0.823159 0.437694 0.025411 0.056074
1 0.688229 0.516356 0.069219 0.147972
1 0.398656 0.472741 0.040302 0.042056
1 0.397344 0.499222 0.037677 0.017130
1 0.399531 0.516352 0.031542 0.017130
1 0.400846 0.532708 0.027161 0.018694
2 0.060018 0.525699 0.120036 0.091898
2 0.128797 0.518694 0.014021 0.015574
2 0.859956 0.596579 0.083234 0.087231
2 0.746497 0.555296 0.049068 0.066981
2 0.596234 0.549065 0.030667 0.029593
2 0.566883 0.550620 0.066589 0.026481
0 0.369740 0.565421 0.040302 0.161991
2 0.373688 0.618375 0.030667 0.105917
0 0.197141 0.523366 0.007010 0.037380
0 0.209401 0.523361 0.008760 0.040500