1 0.158901 0.348014 0.133844 0.073380
1 0.148878 0.281972 0.193984 0.113204
1 0.150943 0.203875 0.192219 0.120546
1 0.823409 0.357963 0.072526 0.107963
1 0.744398 0.467505 0.028891 0.044028
1 0.462854 0.540880 0.004719 0.010481
1 0.743807 0.506810 0.019458 0.032491
0 0.190448 0.551366 0.022406 0.075472
2 0.394161 0.557653 0.037146 0.023065
1 0.462560 0.526731 0.005307 0.013630
0 0.488503 0.564995 0.011203 0.044028
1 0.603479 0.551361 0.004125 0.010481
0 0.594044 0.567083 0.006484 0.031444
0 0.899174 0.582806 0.009432 0.050315
0 0.873523 0.580718 0.012380 0.054509
0 0.887674 0.581759 0.012380 0.048222
2 0.818102 0.575468 0.022995 0.025157
0 0.881190 0.580713 0.006484 0.050315
0 0.913034 0.589102 0.010026 0.039833
0 0.650352 0.556602 0.008255 0.020963
2 0.778599 0.574421 0.024177 0.023065
2 0.799234 0.550315 0.043042 0.058704
0 0.803656 0.572847 0.007073 0.030398
2 0.802477 0.579144 0.008255 0.017824
2 0.825471 0.560796 0.014151 0.031444
2 0.857016 0.574949 0.007667 0.019917
2 0.863208 0.574949 0.010615 0.019917