1 0.796286 0.318134 0.058375 0.151991
1 0.800120 0.109537 0.080188 0.219074
1 0.755307 0.484278 0.016510 0.048222
1 0.198997 0.377356 0.012380 0.064991
1 0.205487 0.297171 0.015922 0.089102
1 0.059849 0.357440 0.035969 0.056602
1 0.057784 0.402519 0.025943 0.031444
1 0.056307 0.438153 0.025354 0.037731
0 0.134138 0.551889 0.103182 0.237944
2 0.127065 0.642037 0.181016 0.216981
0 0.134138 0.551889 0.103182 0.237944
2 0.023880 0.480083 0.047760 0.150944
2 0.668635 0.657755 0.163917 0.149898
2 0.986474 0.773588 0.026010 0.228509
2 0.427479 0.612685 0.242927 0.214889
0 0.283901 0.586481 0.065448 0.309222
0 0.313089 0.595907 0.038917 0.258907