2 0.031839 0.575468 0.063677 0.228509
2 0.630893 0.596440 0.168630 0.176102
2 0.776531 0.625787 0.136792 0.142556
2 0.108198 0.542977 0.105542 0.083861
2 0.106130 0.509958 0.107312 0.051361
2 0.825474 0.611111 0.130896 0.121593
2 0.825474 0.611111 0.130896 0.121593
2 0.776531 0.625787 0.136792 0.142556
2 0.893865 0.608486 0.132073 0.133120
2 0.534786 0.567083 0.142687 0.119500
2 0.968195 0.633653 0.062568 0.078620
2 0.964362 0.588056 0.070234 0.090148
2 0.473763 0.562375 0.051297 0.078620
2 0.473763 0.562375 0.051297 0.078620
2 0.441628 0.561319 0.037734 0.078620
2 0.451062 0.541931 0.108490 0.094343
2 0.386792 0.553458 0.038917 0.046120
2 0.105247 0.479037 0.046578 0.018870
1 0.408315 0.567606 0.006484 0.022009
1 0.434258 0.575468 0.005307 0.027250
1 0.376771 0.560273 0.004719 0.019917
0 0.351708 0.545597 0.008844 0.051361
0 0.343750 0.546644 0.010615 0.049269
0 0.315451 0.541931 0.012974 0.056602
0 0.165977 0.530398 0.012380 0.062889
0 0.189563 0.536167 0.008844 0.053463
2 0.295992 0.538264 0.020047 0.030398
2 0.283021 0.530403 0.005896 0.014676
0 0.256784 0.535639 0.010026 0.050315
0 0.243221 0.536690 0.010026 0.046120
2 0.108198 0.542977 0.105542 0.083861