1 0.045107 0.586477 0.085495 0.143602
2 0.273289 0.564468 0.061911 0.070231
1 0.576943 0.469597 0.014740 0.027250
1 0.543633 0.491088 0.008255 0.019917
1 0.449292 0.516245 0.007073 0.011528
1 0.433078 0.523056 0.008844 0.020963
1 0.391216 0.535116 0.005307 0.009435
1 0.392687 0.503671 0.005896 0.009435
1 0.406839 0.521491 0.004719 0.007333
1 0.406247 0.531972 0.003536 0.007333
2 0.334906 0.557648 0.035375 0.039833
2 0.312503 0.545597 0.018870 0.022009
1 0.438089 0.540356 0.004719 0.009435
2 0.443396 0.544551 0.007073 0.009435
2 0.430719 0.544551 0.002948 0.009435
2 0.451354 0.545593 0.004125 0.007333
2 0.469633 0.547699 0.006484 0.009435
2 0.463148 0.544023 0.005307 0.006287