2 0.717865 0.593292 0.077240 0.085954
2 0.640919 0.570750 0.058964 0.057648
2 0.681901 0.572847 0.025354 0.040880
2 0.760320 0.574421 0.027714 0.033546
1 0.439862 0.444449 0.012974 0.023065
1 0.566331 0.499995 0.006484 0.016769
1 0.566331 0.499995 0.006484 0.016769
1 0.491451 0.493190 0.006484 0.019917
0 0.163914 0.532491 0.030661 0.123685
0 0.201948 0.535116 0.037146 0.131028
1 0.438977 0.464880 0.011203 0.015722
1 0.443690 0.501051 0.010026 0.027250
0 0.374706 0.546644 0.018276 0.101676
0 0.392690 0.549269 0.018870 0.098537
0 0.785964 0.597486 0.029479 0.178194
0 0.814565 0.596440 0.033609 0.186583
0 0.861440 0.638884 0.042453 0.212787
0 0.885909 0.620023 0.039505 0.221176
0 0.899763 0.614255 0.036557 0.197065
0 0.952828 0.627356 0.056604 0.233750