1 0.727594 0.397801 0.051885 0.078620
1 0.727591 0.469083 0.037734 0.063944
1 0.526531 0.494759 0.022406 0.010481
1 0.526531 0.505764 0.022406 0.009435
1 0.526531 0.515722 0.022406 0.010481
2 0.202240 0.536685 0.074292 0.050315
2 0.087266 0.564991 0.086083 0.098537
1 0.554836 0.535116 0.008255 0.019917
2 0.597289 0.557648 0.020047 0.020963
0 0.884729 0.596435 0.026531 0.100630
2 0.939599 0.556606 0.119760 0.194972
0 0.732898 0.568130 0.009432 0.062889
2 0.733786 0.590671 0.007667 0.040880
2 0.651534 0.552009 0.014474 0.016778
1 0.642721 0.528523 0.005661 0.010065
1 0.556523 0.516782 0.006922 0.006713
2 0.538620 0.550838 0.030073 0.017824
1 0.557487 0.509954 0.006484 0.007333
2 0.118807 0.526727 0.013562 0.019917