1 0.920414 0.459505 0.025411 0.059194
1 0.920417 0.500778 0.023656 0.026481
1 0.747807 0.475856 0.009635 0.023361
1 0.735542 0.482866 0.009635 0.037380
1 0.736422 0.442370 0.007885 0.043611
1 0.740362 0.356699 0.052568 0.077880
1 0.426255 0.495329 0.006135 0.018694
2 0.833560 0.768690 0.331839 0.422120
2 0.456044 0.540495 0.027161 0.049843
2 0.428883 0.542060 0.042932 0.062306
2 0.389458 0.547509 0.037677 0.042056
2 0.357914 0.545176 0.035922 0.040500
2 0.326810 0.542056 0.035047 0.040500
2 0.133615 0.528042 0.021906 0.062306
2 0.684724 0.590347 0.021906 0.062306
0 0.237005 0.587222 0.032417 0.183796
0 0.159904 0.549843 0.025411 0.109037
0 0.202833 0.545171 0.030667 0.090343