2 0.214664 0.552963 0.143693 0.233648
2 0.731164 0.632398 0.268984 0.149537
2 0.968052 0.675231 0.062854 0.082556
2 0.046000 0.535046 0.077979 0.082556
2 0.004818 0.519472 0.009635 0.017130
2 0.010513 0.507009 0.021026 0.014019
2 0.601487 0.556074 0.044682 0.028037
1 0.398656 0.335671 0.017521 0.045176
1 0.381573 0.415884 0.055198 0.118380
1 0.378940 0.485981 0.051693 0.024926
1 0.378065 0.508569 0.049943 0.023361
1 0.442904 0.511685 0.042932 0.026481
1 0.934872 0.371495 0.036797 0.076324
1 0.934872 0.431468 0.036797 0.049843
1 0.934872 0.431468 0.036797 0.049843
1 0.667641 0.524926 0.007010 0.012463
1 0.666328 0.535824 0.006135 0.015574
2 0.635659 0.557634 0.027161 0.021806
2 0.646177 0.556074 0.021906 0.024926
2 0.700060 0.555296 0.019276 0.017130
0 0.565130 0.561528 0.015771 0.057630
0 0.572135 0.554519 0.008760 0.056074
0 0.339076 0.538162 0.005255 0.032713
0 0.333820 0.542833 0.005255 0.029593
0 0.363612 0.530375 0.042057 0.023361
2 0.810891 0.549843 0.016646 0.071648
0 0.456661 0.541403 0.007667 0.022009
2 0.456958 0.550315 0.005896 0.020963