1 0.199589 0.523588 0.031250 0.051361
2 0.875883 0.619495 0.028891 0.067083
1 0.009727 0.408282 0.018276 0.030398
0 0.160669 0.551366 0.028891 0.096435
0 0.767982 0.634690 0.068984 0.244231
2 0.769753 0.685532 0.143276 0.167713
0 0.830779 0.628412 0.043630 0.160380
0 0.804839 0.618449 0.027125 0.157231
0 0.344927 0.579139 0.114385 0.107963
0 0.602805 0.607481 0.043807 0.081000
0 0.840685 0.605921 0.011391 0.062306
2 0.017523 0.576319 0.035047 0.090343
0 0.919099 0.642523 0.063083 0.200935
0 0.919099 0.642523 0.063083 0.200935
2 0.913844 0.685356 0.094625 0.133954