1 0.855544 0.235324 0.012974 0.087000
1 0.853771 0.310796 0.011792 0.076519
1 0.655365 0.429250 0.019458 0.034593
1 0.038620 0.463315 0.008844 0.018870
1 0.104953 0.480083 0.007073 0.012574
1 0.445458 0.477986 0.008844 0.023065
1 0.291271 0.492662 0.007073 0.023065
2 0.009729 0.544551 0.019458 0.099583
2 0.492630 0.550310 0.038323 0.075472
2 0.296872 0.553986 0.052474 0.061843
2 0.339328 0.557130 0.054833 0.063944
2 0.383549 0.561843 0.057193 0.069185
2 0.445753 0.553981 0.071932 0.107963
0 0.070531 0.552958 0.030667 0.121491
2 0.069219 0.579440 0.022781 0.093454
0 0.025411 0.506236 0.007010 0.018694
0 0.031979 0.502333 0.006135 0.017130
0 0.050383 0.541278 0.018401 0.082556
2 0.053445 0.559190 0.010516 0.049843
0 0.043927 0.506810 0.008844 0.019917