2 0.956401 0.642556 0.086156 0.262056
2 0.871461 0.632597 0.053068 0.139417
2 0.570753 0.588574 0.036557 0.053463
2 0.603182 0.595389 0.005896 0.041926
2 0.563385 0.566037 0.020635 0.020963
2 0.842865 0.624218 0.066625 0.110065
2 0.801003 0.617926 0.057193 0.097481
2 0.801003 0.617926 0.057193 0.097481
2 0.786555 0.591190 0.054245 0.056602
2 0.801003 0.617926 0.057193 0.097481
2 0.770049 0.573903 0.070755 0.049269
2 0.729951 0.579144 0.037734 0.059750
2 0.633846 0.545593 0.031839 0.036685
2 0.710789 0.579139 0.022995 0.055556
2 0.842865 0.624218 0.066625 0.110065
2 0.801003 0.617926 0.057193 0.097481
0 0.478385 0.596569 0.015771 0.121491
0 0.525701 0.630060 0.012266 0.063861
0 0.922167 0.695481 0.102510 0.350463
2 0.953271 0.773366 0.071844 0.269472
0 0.753505 0.615269 0.029792 0.081000
2 0.760516 0.620718 0.045562 0.060750
0 0.595794 0.588782 0.019276 0.090343
0 0.616823 0.591898 0.015771 0.084111
0 0.642232 0.602806 0.021026 0.096574
0 0.631716 0.580222 0.012266 0.054519