2 0.261497 0.571801 0.114974 0.110065
2 0.481133 0.558704 0.025943 0.029352
2 0.535083 0.563417 0.019458 0.024111
2 0.324586 0.551366 0.027714 0.033546
2 0.332549 0.546125 0.042453 0.035639
2 0.356430 0.550315 0.033609 0.020963
2 0.606424 0.566565 0.012380 0.015722
2 0.371461 0.551361 0.024766 0.018870
2 0.380013 0.550310 0.028891 0.016769
2 0.371461 0.551361 0.024766 0.018870
2 0.385909 0.547694 0.017099 0.013630
2 0.401826 0.551366 0.022995 0.016769
2 0.413917 0.551889 0.023583 0.013630
2 0.429539 0.551361 0.017099 0.010481
2 0.464620 0.551889 0.017688 0.013630
2 0.441036 0.553981 0.007073 0.007333
1 0.565451 0.509431 0.012974 0.046120
1 0.584018 0.507861 0.012380 0.045074
2 0.557781 0.560801 0.017688 0.025157
2 0.530956 0.555032 0.017099 0.022009
2 0.670107 0.568134 0.015922 0.016769
1 0.566878 0.533486 0.021026 0.032713
1 0.558997 0.505449 0.003505 0.020250
1 0.570820 0.563083 0.028911 0.014019