2 0.328122 0.584907 0.113797 0.111111
2 0.601414 0.595384 0.049526 0.077565
2 0.409789 0.583861 0.053068 0.069185
2 0.459609 0.578093 0.047760 0.053463
2 0.499411 0.574421 0.034198 0.046120
1 0.155956 0.425579 0.018276 0.035639
1 0.155365 0.458069 0.019458 0.025157
1 0.341982 0.452829 0.008255 0.023065
1 0.711086 0.512060 0.009432 0.017824
0 0.674820 0.586477 0.022995 0.082806
0 0.698406 0.587005 0.019458 0.085954
1 0.171875 0.402519 0.031250 0.018870
1 0.675711 0.532491 0.012974 0.020963
0 0.633844 0.579667 0.007073 0.031444
0 0.679833 0.564995 0.005896 0.023065