2 0.089328 0.634171 0.178656 0.226417
0 0.116745 0.516773 0.022406 0.035639
0 0.147109 0.539306 0.020635 0.053463
0 0.187794 0.569708 0.028891 0.099583
2 0.188385 0.598009 0.031250 0.068130
0 0.247346 0.555028 0.010026 0.066037
0 0.261203 0.555551 0.016510 0.067083
0 0.256487 0.551361 0.008255 0.058704
0 0.299826 0.555028 0.015922 0.055556
2 0.298646 0.573903 0.014740 0.040880
0 0.293042 0.555556 0.007073 0.039833
0 0.976745 0.788264 0.045469 0.408806
0 0.310437 0.552935 0.007667 0.045074
0 0.323406 0.551361 0.008844 0.041926
0 0.326945 0.536162 0.006484 0.022009
0 0.334315 0.549269 0.009432 0.039833
2 0.384141 0.558176 0.031250 0.045074
0 0.779776 0.565514 0.020635 0.091194
0 0.764740 0.566560 0.017688 0.082806
0 0.744102 0.562366 0.014151 0.080713
0 0.730247 0.564995 0.017099 0.073380
0 0.507667 0.545069 0.004719 0.025157
0 0.522406 0.546644 0.004719 0.032491
0 0.526240 0.550319 0.004125 0.023065
0 0.518281 0.546125 0.004719 0.025157
0 0.411555 0.538264 0.003536 0.019917
2 0.440448 0.537736 0.011792 0.025157
0 0.426299 0.541403 0.002359 0.011528
2 0.469930 0.541926 0.008255 0.012574
0 0.407430 0.537741 0.003536 0.018870
0 0.403599 0.539310 0.002948 0.017824
0 0.501180 0.541931 0.003536 0.016769
0 0.494990 0.542454 0.002948 0.013630
0 0.491448 0.541407 0.002948 0.015722