1 0.621203 0.476630 0.015771 0.043611
1 0.492406 0.514019 0.007010 0.015574
2 0.722836 0.591125 0.052568 0.063861
2 0.688667 0.584111 0.040302 0.056074
2 0.656690 0.581773 0.035922 0.048287
2 0.595357 0.576324 0.058703 0.071648
2 0.399969 0.569315 0.048188 0.054519
2 0.619016 0.569315 0.014896 0.038944
2 0.528768 0.584889 0.018401 0.038944
2 0.516503 0.584894 0.018401 0.032713
2 0.511245 0.577102 0.021906 0.029593
2 0.507740 0.553741 0.016646 0.026481
2 0.470940 0.542833 0.011391 0.017130
2 0.487589 0.541278 0.007885 0.014019
0 0.245326 0.559190 0.028036 0.087231
0 0.480141 0.574764 0.017521 0.087231
2 0.479266 0.606694 0.008760 0.054519