1 0.697227 0.493190 0.005307 0.030398
1 0.577831 0.500005 0.008255 0.014676
2 0.043339 0.562894 0.086677 0.138361
2 0.099940 0.553981 0.102005 0.118444
2 0.099940 0.553981 0.102005 0.118444
2 0.099940 0.553981 0.102005 0.118444
2 0.166865 0.552940 0.079010 0.099583
2 0.207253 0.540875 0.085495 0.088046
2 0.202831 0.561847 0.025943 0.064991
2 0.257961 0.546125 0.027714 0.054509
2 0.291276 0.544546 0.038917 0.045074
2 0.245284 0.552407 0.020047 0.052407
2 0.278305 0.526731 0.012974 0.024111
2 0.344930 0.541931 0.031839 0.044028
2 0.363500 0.543500 0.014740 0.026204
2 0.415388 0.564468 0.034786 0.091194
2 0.449586 0.568653 0.012380 0.093287
0 0.978185 0.569708 0.018870 0.032491
0 0.955484 0.590148 0.030073 0.062889
0 0.933667 0.599060 0.008844 0.051361
0 0.804539 0.578620 0.022995 0.090148
0 0.770049 0.564468 0.014151 0.061843
0 0.689857 0.564995 0.009432 0.073380
2 0.639148 0.564468 0.021224 0.030398
2 0.605245 0.554509 0.008844 0.048222
0 0.605245 0.554509 0.008844 0.048222
2 0.570755 0.565514 0.011792 0.017824
0 0.544516 0.551889 0.008844 0.047167
0 0.531250 0.550315 0.011792 0.048222
0 0.438089 0.564468 0.027125 0.110065
0 0.367039 0.524630 0.006484 0.015722
0 0.375000 0.537218 0.005896 0.028306
0 0.384141 0.538255 0.007667 0.032491
0 0.459904 0.545069 0.008255 0.035639
0 0.478771 0.545602 0.005896 0.045074
0 0.507370 0.550315 0.008844 0.039833
0 0.518573 0.549269 0.007667 0.041926
0 0.499115 0.548218 0.008844 0.044028
2 0.329602 0.529875 0.018870 0.030398
2 0.319281 0.532500 0.007667 0.018870
2 0.315445 0.530398 0.009432 0.018870
1 0.528891 0.509435 0.004719 0.010481