2 0.926331 0.701259 0.146297 0.203352
0 0.055424 0.564463 0.012974 0.047167
0 0.090508 0.566560 0.018276 0.061843
2 0.090505 0.580708 0.041865 0.035639
1 0.300115 0.539310 0.029479 0.017824
0 0.189563 0.567611 0.026531 0.063944
2 0.190154 0.588051 0.033609 0.037731
2 0.949586 0.591722 0.018276 0.013630
1 0.291570 0.577042 0.011203 0.017824
1 0.895344 0.567606 0.030073 0.070231
1 0.818102 0.561324 0.006484 0.015722
1 0.300411 0.520440 0.030073 0.022009
2 0.471698 0.583329 0.040094 0.022009
2 0.548940 0.584912 0.031839 0.023065
2 0.823115 0.598005 0.023583 0.022009
2 0.484964 0.579662 0.014740 0.016769
2 0.517690 0.584384 0.031839 0.022009