1 0.801591 0.287736 0.103182 0.151991
1 0.798643 0.426620 0.074880 0.123685
1 0.692807 0.414051 0.027125 0.073380
1 0.676885 0.591194 0.057781 0.031444
1 0.675708 0.560796 0.063677 0.029352
1 0.674526 0.530921 0.062500 0.028306
1 0.676003 0.503144 0.063089 0.027250
1 0.676885 0.473792 0.063677 0.027250
1 0.798643 0.426620 0.074880 0.123685
1 0.413326 0.483750 0.009432 0.015722
1 0.128831 0.477463 0.006484 0.013630
1 0.007078 0.493185 0.010615 0.015722
1 0.043039 0.461218 0.009432 0.023065
2 0.018867 0.524630 0.037734 0.047167
2 0.178068 0.551366 0.102594 0.064991
2 0.973763 0.566042 0.012380 0.033546
2 0.859375 0.562894 0.035969 0.035639
2 0.762383 0.558181 0.043630 0.038787
2 0.422760 0.542977 0.061323 0.027250
2 0.047760 0.536690 0.035375 0.037731
0 0.131484 0.530926 0.011792 0.045074
0 0.122935 0.535639 0.011203 0.060796
0 0.814268 0.552412 0.008255 0.023065
2 0.641216 0.559750 0.005307 0.018870