1 0.579602 0.441824 0.036557 0.057648
1 0.077242 0.499481 0.008255 0.013630
1 0.114974 0.475366 0.007073 0.017824
1 0.410964 0.491093 0.007073 0.013630
1 0.577831 0.494759 0.025943 0.048222
1 0.589919 0.459648 0.017099 0.045074
1 0.587852 0.567611 0.015328 0.015722
1 0.588443 0.549264 0.016510 0.014676
1 0.588737 0.531972 0.015922 0.015722
1 0.589031 0.514148 0.016510 0.015722
1 0.594047 0.496338 0.008844 0.017824
1 0.569281 0.566042 0.008844 0.014676
1 0.567807 0.549264 0.011792 0.016769
1 0.568102 0.530394 0.012380 0.016769
1 0.568690 0.513625 0.011203 0.014676
2 0.175706 0.558176 0.064859 0.076519
2 0.471992 0.547171 0.061911 0.035639
2 0.125000 0.535116 0.033021 0.030398
2 0.952828 0.549269 0.040094 0.041926
2 0.895930 0.553458 0.033609 0.035639
2 0.857898 0.559227 0.014151 0.017824
2 0.805424 0.555032 0.047172 0.030398
2 0.706073 0.555037 0.019458 0.024111
2 0.663914 0.549269 0.015328 0.029352
2 0.625883 0.552412 0.018276 0.023065
2 0.282133 0.541931 0.051297 0.035639
2 0.072229 0.525153 0.026531 0.037731
2 0.097289 0.523060 0.009432 0.027250
2 0.026240 0.520435 0.020635 0.036685
0 0.086969 0.530921 0.014740 0.059750
0 0.086969 0.530921 0.014740 0.059750
0 0.204896 0.527773 0.007667 0.032491
0 0.103479 0.536685 0.014740 0.050315
0 0.990568 0.548741 0.011792 0.084907
0 0.973466 0.555028 0.014151 0.076519
0 0.870875 0.549792 0.010615 0.030398