2 0.908315 0.718556 0.182193 0.326000
2 0.809549 0.639935 0.229953 0.275685
2 0.657432 0.626838 0.095521 0.144657
2 0.654482 0.579144 0.106130 0.128935
2 0.524469 0.588046 0.076062 0.102722
2 0.069281 0.538264 0.087854 0.080713
2 0.165982 0.539310 0.072526 0.072324
2 0.196341 0.557648 0.043630 0.060796
2 0.221695 0.530398 0.049526 0.050315
2 0.331661 0.554505 0.077240 0.075472
2 0.308372 0.514153 0.047172 0.017824
2 0.308372 0.514153 0.047172 0.017824
2 0.374117 0.549796 0.061911 0.063944
2 0.398878 0.547167 0.033609 0.052407
2 0.419516 0.541407 0.058375 0.055556
0 0.477596 0.541926 0.008255 0.029352
0 0.484669 0.538264 0.008255 0.038787
0 0.861437 0.498954 0.016510 0.020963
0 0.568398 0.539310 0.008255 0.040880
0 0.578417 0.540356 0.007073 0.040880
0 0.604065 0.540361 0.006484 0.034593
1 0.693984 0.491093 0.016510 0.045074
1 0.372641 0.474315 0.010615 0.026204