0 0.799823 0.663519 0.064271 0.312370
0 0.751768 0.668236 0.047172 0.254713
0 0.690745 0.655139 0.047760 0.293500
0 0.656247 0.587523 0.025943 0.133120
0 0.641807 0.684486 0.076062 0.329139
0 0.616745 0.544551 0.034198 0.128935
0 0.520935 0.627356 0.044224 0.231657
0 0.549234 0.613204 0.026531 0.163519
0 0.549234 0.613731 0.026531 0.164574
0 0.549234 0.613731 0.026531 0.164574
0 0.493516 0.615306 0.028302 0.169815
1 0.023292 0.512051 0.014740 0.019917
1 0.025646 0.483227 0.014740 0.035639
1 0.028594 0.447588 0.014740 0.035639
0 0.169810 0.571278 0.058964 0.222222
0 0.137086 0.564468 0.033609 0.120546
0 0.130010 0.562889 0.026531 0.113204
0 0.107607 0.566037 0.052474 0.224315
0 0.059846 0.540356 0.027714 0.112157
0 0.053068 0.532495 0.011792 0.088046