1 0.940451 0.803458 0.082547 0.160380
1 0.933078 0.908282 0.058375 0.110065
2 0.884174 0.708074 0.230609 0.357444
1 0.688385 0.677671 0.031250 0.080713
1 0.684549 0.734796 0.021224 0.052407
2 0.776237 0.596958 0.300120 0.263102
2 0.776237 0.596958 0.300120 0.263102
1 0.688385 0.497903 0.019458 0.035639
1 0.581664 0.614255 0.010026 0.044028
1 0.580190 0.647796 0.008255 0.029352
1 0.571638 0.622120 0.012380 0.045074
1 0.573997 0.660898 0.011203 0.026204
1 0.573997 0.660898 0.011203 0.026204
2 0.590510 0.600630 0.092573 0.092241
2 0.010612 0.526731 0.021224 0.145704
1 0.511794 0.514153 0.020047 0.017824
1 0.511794 0.514153 0.020047 0.017824
1 0.520344 0.503148 0.014740 0.010481
1 0.210789 0.457551 0.010026 0.019917
2 0.041273 0.522537 0.082547 0.187630
2 0.176888 0.501046 0.047172 0.102722
0 0.517984 0.578616 0.020635 0.096435
0 0.501768 0.581759 0.020047 0.092241
0 0.470521 0.571806 0.017688 0.097481
2 0.419518 0.553986 0.011203 0.040880
0 0.361734 0.543495 0.014740 0.072324
0 0.344047 0.542449 0.013562 0.070231
0 0.275648 0.508389 0.006484 0.020963
0 0.272112 0.507338 0.005307 0.023065
0 0.199885 0.547699 0.027125 0.110065
0 0.140331 0.527778 0.030661 0.126833
2 0.436333 0.559190 0.031542 0.046731