2 0.358492 0.568139 0.048349 0.058704
2 0.427182 0.564468 0.013562 0.019917
0 0.668633 0.599583 0.071932 0.251574
2 0.668630 0.707546 0.063677 0.201259
0 0.764445 0.646755 0.072526 0.245287
2 0.770635 0.723796 0.079010 0.185537
0 0.515034 0.566032 0.005307 0.027250
0 0.519458 0.565514 0.004719 0.028306
0 0.668633 0.599583 0.071932 0.251574
0 0.764445 0.646755 0.072526 0.245287
0 0.668633 0.599583 0.071932 0.251574
0 0.285380 0.552935 0.016510 0.055556
2 0.283607 0.574426 0.014151 0.041926
0 0.253539 0.550838 0.020047 0.070231
2 0.255602 0.580194 0.027714 0.053463
0 0.035083 0.557653 0.035969 0.136269
0 0.035083 0.557653 0.035969 0.136269
2 0.025651 0.609019 0.041865 0.109019
2 0.025651 0.609019 0.041865 0.109019