1 0.240273 0.244236 0.140922 0.297694
2 0.038620 0.589620 0.077240 0.168759
0 0.697820 0.634176 0.057193 0.291407
0 0.752654 0.618972 0.067807 0.330185
2 0.796286 0.626306 0.053656 0.126833
2 0.811023 0.585949 0.046578 0.037731
1 0.573409 0.476935 0.022995 0.041926
1 0.572229 0.514676 0.014740 0.031444
1 0.527417 0.509431 0.025354 0.025157
1 0.527122 0.534588 0.024766 0.027250
2 0.412443 0.556602 0.026531 0.031444
2 0.491156 0.557125 0.007073 0.009435
2 0.469927 0.567088 0.023583 0.035639
2 0.501768 0.560801 0.009432 0.014676