1 0.973503 0.333329 0.051953 0.096435
1 0.627948 0.482704 0.011792 0.036685
1 0.627651 0.510481 0.008844 0.018870
2 0.161557 0.578620 0.323115 0.433963
2 0.321935 0.592764 0.015328 0.093287
2 0.324880 0.568139 0.017688 0.079667
2 0.334612 0.556606 0.039505 0.094343
2 0.762677 0.672431 0.035969 0.128935
0 0.664492 0.670880 0.059339 0.306593
0 0.728159 0.654944 0.059339 0.323074
0 0.447216 0.564833 0.015453 0.070333
0 0.434544 0.567583 0.017307 0.064833
0 0.422805 0.564833 0.009891 0.068130
0 0.415693 0.562634 0.010510 0.065935
0 0.378917 0.558236 0.012365 0.057139