2 0.034198 0.566556 0.068396 0.179241
0 0.074292 0.559750 0.061323 0.211741
2 0.122643 0.550838 0.054245 0.110065
2 0.091688 0.574944 0.013562 0.055556
0 0.777419 0.606394 0.051297 0.233750
0 0.979102 0.761005 0.040755 0.115306
0 0.993253 0.540356 0.012453 0.072324
1 0.481133 0.481134 0.009432 0.023065
1 0.481427 0.454403 0.007667 0.032491
0 0.707250 0.613208 0.054833 0.205454
0 0.659495 0.591194 0.037146 0.190778
0 0.544221 0.587000 0.024766 0.153037
0 0.497641 0.563940 0.017688 0.096435
0 0.471992 0.560269 0.027714 0.105870
2 0.341099 0.567083 0.064271 0.092241
0 0.372346 0.547167 0.011203 0.052407
0 0.387971 0.546644 0.012974 0.061843
2 0.238500 0.524630 0.031250 0.026204
2 0.261203 0.533542 0.011792 0.016769
2 0.290391 0.527255 0.035969 0.046120
0 0.220224 0.529352 0.008844 0.041926
2 0.219635 0.540356 0.002948 0.019917