2 0.092276 0.591190 0.184552 0.178194
2 0.483490 0.579139 0.062500 0.087000
1 0.624706 0.464361 0.028891 0.048222
2 0.380893 0.558704 0.015328 0.029352
2 0.411260 0.553981 0.019458 0.036685
2 0.424526 0.553986 0.029479 0.040880
0 0.886792 0.693398 0.142687 0.508389
0 0.936911 0.533023 0.045990 0.110065
0 0.557781 0.566560 0.010615 0.061843
0 0.573706 0.564463 0.012974 0.066037
0 0.541273 0.564468 0.015328 0.059750
0 0.399172 0.547171 0.011792 0.054509
0 0.390628 0.546644 0.011203 0.051361
0 0.399466 0.547171 0.012380 0.054509
0 0.581073 0.560796 0.008844 0.060796
0 0.269161 0.560269 0.007667 0.036685
1 0.225823 0.487417 0.007073 0.012574
1 0.272701 0.548745 0.010026 0.059750
0 0.272701 0.548745 0.010026 0.059750
0 0.258844 0.545597 0.017688 0.070231