1 0.327534 0.481653 0.012380 0.022009
0 0.225823 0.588569 0.051885 0.193917
1 0.519753 0.436060 0.005307 0.035639
0 0.061615 0.544023 0.037146 0.165620
0 0.061615 0.544023 0.037146 0.165620
0 0.022406 0.539838 0.044813 0.184491
0 0.148586 0.519389 0.012974 0.055556
0 0.348172 0.520440 0.013562 0.040880
0 0.294518 0.533546 0.017099 0.079667
0 0.247638 0.519398 0.015328 0.053463
0 0.247638 0.519398 0.015328 0.053463
0 0.258547 0.523583 0.008844 0.042981
0 0.244104 0.501574 0.004719 0.015722
2 0.373523 0.566042 0.068984 0.104824
2 0.010318 0.485324 0.020635 0.069185
2 0.184258 0.525153 0.050120 0.056602
2 0.119104 0.517819 0.050708 0.064991
2 0.080188 0.507333 0.027125 0.081759
2 0.049234 0.482704 0.014740 0.034593