2 0.494693 0.612157 0.290094 0.182389
2 0.659786 0.599056 0.074292 0.103778
2 0.972323 0.651468 0.054312 0.089102
2 0.972323 0.651468 0.054312 0.089102
0 0.788917 0.588574 0.011792 0.042981
0 0.806901 0.589625 0.007667 0.038787
0 0.817513 0.588051 0.006484 0.035639
0 0.838146 0.592769 0.008844 0.042981
0 0.853182 0.595917 0.010615 0.042981
0 0.858490 0.594338 0.005896 0.044028
0 0.888563 0.616880 0.023583 0.045074
0 0.888563 0.584380 0.016510 0.026204
0 0.877062 0.595389 0.014740 0.039833
2 0.866154 0.609537 0.014151 0.026204