2 0.466096 0.686579 0.171578 0.259954
2 0.355836 0.597491 0.073703 0.098537
0 0.119693 0.589625 0.067219 0.200213
2 0.110344 0.611097 0.136625 0.140435
2 0.228398 0.609889 0.030286 0.074722
0 0.238289 0.571431 0.026578 0.142861
0 0.264253 0.560444 0.026578 0.083519
2 0.288914 0.584380 0.020047 0.055556
2 0.261792 0.594343 0.023583 0.058704
0 0.288914 0.563417 0.020047 0.074426
0 0.019461 0.541926 0.018870 0.161426
0 0.308961 0.554509 0.018870 0.069185
2 0.308076 0.580190 0.022995 0.049269
0 0.113797 0.524111 0.011792 0.029352
0 0.116745 0.515199 0.011792 0.022009
0 0.091099 0.536690 0.019458 0.023065
0 0.087854 0.530926 0.007073 0.015722
0 0.083724 0.522014 0.005896 0.014676
0 0.059555 0.533542 0.012974 0.025157
0 0.167159 0.562370 0.028891 0.114259
2 0.170404 0.587005 0.042453 0.077565
2 0.206370 0.569185 0.038917 0.060796
1 0.326648 0.493708 0.009432 0.033546
0 0.331370 0.559745 0.005896 0.025157
0 0.332549 0.544546 0.002359 0.007333
2 0.402122 0.574421 0.012974 0.014676
0 0.392690 0.567083 0.002359 0.020963
1 0.411260 0.529347 0.004125 0.006287
2 0.418339 0.572324 0.014740 0.018870
2 0.471107 0.542454 0.037734 0.034593
2 0.538323 0.626838 0.034198 0.115306
0 0.897112 0.629981 0.021818 0.079667
1 0.780073 0.346963 0.040094 0.069185
0 0.795404 0.624736 0.012974 0.056602
0 0.805130 0.618444 0.004125 0.010481
0 0.771224 0.627889 0.028302 0.098537
2 0.763268 0.643083 0.017099 0.068130
0 0.756190 0.601676 0.010026 0.031444
0 0.736440 0.634699 0.020047 0.172954
0 0.719635 0.643083 0.031250 0.185537
0 0.648880 0.582806 0.013562 0.029352
1 0.586083 0.533019 0.010615 0.015722
1 0.585789 0.546120 0.010026 0.008389
2 0.650943 0.640981 0.123823 0.097481
2 0.576060 0.607444 0.036557 0.047167
2 0.556307 0.602204 0.020635 0.042981