2 0.925151 0.737417 0.148656 0.237944
2 0.769755 0.615833 0.211677 0.256815
2 0.629716 0.658806 0.146224 0.164574
2 0.047464 0.571282 0.094927 0.075472
2 0.465799 0.621065 0.083724 0.137315
1 0.621461 0.533546 0.015328 0.048222
2 0.148586 0.570236 0.064859 0.054509
2 0.557195 0.604824 0.042453 0.052407
2 0.580484 0.599060 0.013562 0.030398
2 0.538620 0.599056 0.024177 0.042981
2 0.508846 0.600634 0.020047 0.054509
2 0.523878 0.592764 0.017099 0.032491
2 0.517396 0.573375 0.024177 0.016769
2 0.195758 0.568139 0.041276 0.050315
2 0.249115 0.570236 0.037146 0.033546
2 0.272404 0.570755 0.020047 0.030398
2 0.326062 0.573903 0.022406 0.030398