2 0.074292 0.599583 0.148583 0.121593
2 0.798646 0.672954 0.201063 0.161426
2 0.176299 0.600106 0.058964 0.059750
2 0.218161 0.595389 0.035375 0.050315
2 0.649174 0.642556 0.110849 0.111111
2 0.581076 0.625259 0.073703 0.087000
1 0.032427 0.516769 0.011792 0.041926
2 0.242039 0.594866 0.021818 0.038787
2 0.267102 0.584907 0.012974 0.018870
2 0.288326 0.591190 0.024766 0.027250
2 0.538620 0.618449 0.047760 0.067083
1 0.501766 0.533546 0.007073 0.031444
1 0.459318 0.527259 0.011792 0.018870
1 0.459018 0.545597 0.012380 0.017824
2 0.448997 0.594338 0.028891 0.044028
2 0.352005 0.590676 0.023583 0.024111
2 0.433669 0.596958 0.010026 0.032491
0 0.590214 0.580190 0.004719 0.009435
2 0.426885 0.596431 0.010615 0.027250
2 0.420992 0.594338 0.008255 0.023065
2 0.373229 0.587005 0.011792 0.016769