2 0.096992 0.541931 0.045401 0.014676
2 0.448409 0.687625 0.171578 0.259954
2 0.749706 0.607440 0.080776 0.032491
1 0.483490 0.526204 0.004719 0.010481
1 0.365862 0.505764 0.005307 0.009435
1 0.561617 0.481653 0.010026 0.019917
1 0.559549 0.512051 0.014151 0.019917
0 0.818268 0.610181 0.013214 0.048102
0 0.697464 0.592278 0.008177 0.027963
0 0.666000 0.605704 0.008177 0.041389
0 0.652789 0.606824 0.006922 0.041389
1 0.690227 0.562083 0.002516 0.016778
1 0.561557 0.599551 0.008177 0.060398
0 0.561557 0.599551 0.008177 0.060398
0 0.211094 0.560963 0.009437 0.041389
0 0.221161 0.568227 0.010698 0.060398
0 0.257026 0.566000 0.009437 0.046981
0 0.280307 0.574940 0.008177 0.062639
0 0.157727 0.553458 0.010026 0.037731
0 0.295990 0.576000 0.010615 0.053463
0 0.295990 0.576000 0.010615 0.053463
2 0.295107 0.587523 0.010026 0.032491
2 0.270638 0.585431 0.008255 0.030398
0 0.271227 0.559227 0.008255 0.022009
0 0.271227 0.559227 0.008255 0.022009
0 0.371758 0.579139 0.010026 0.034593
2 0.371758 0.592764 0.006484 0.030398
0 0.697523 0.593819 0.008255 0.030398
2 0.032724 0.573894 0.065448 0.082806
2 0.010612 0.528306 0.021224 0.018870
0 0.517396 0.594861 0.007667 0.034593
2 0.517982 0.606394 0.005307 0.017824