2 0.340505 0.633648 0.100823 0.105870
0 0.552479 0.611116 0.010615 0.044028
0 0.651237 0.648852 0.022995 0.098537
0 0.965214 0.686583 0.027125 0.121593
1 0.755307 0.398843 0.044813 0.066037
1 0.756193 0.308704 0.031250 0.053463
1 0.786263 0.440250 0.022995 0.039833
1 0.756193 0.350634 0.024177 0.028306
1 0.764151 0.577569 0.017688 0.027250
1 0.973763 0.549264 0.021818 0.037731
2 0.144456 0.638366 0.258255 0.245287
2 0.313974 0.585949 0.094927 0.056602
1 0.322523 0.471699 0.009432 0.016769
1 0.505010 0.502620 0.007667 0.015722
2 0.402714 0.568134 0.033021 0.067083
2 0.951945 0.628403 0.044224 0.072324
0 0.670107 0.645176 0.018276 0.105870
0 0.711378 0.650417 0.018276 0.097481
0 0.738211 0.650940 0.012974 0.088046
0 0.790977 0.649894 0.022995 0.088046
0 0.935141 0.687630 0.016510 0.123685
0 0.926888 0.672431 0.012974 0.133120
0 0.926888 0.672431 0.012974 0.133120
0 0.854362 0.661944 0.024766 0.107963
2 0.869990 0.629981 0.013562 0.018870
2 0.882372 0.632602 0.010026 0.015722
2 0.908021 0.638361 0.010615 0.020963
0 0.836971 0.661954 0.010026 0.084907
0 0.826654 0.664046 0.012974 0.084907
2 0.789208 0.668764 0.041865 0.075472
0 0.758844 0.648847 0.005896 0.075472
2 0.717146 0.664329 0.030667 0.073213
2 0.675089 0.672898 0.016646 0.056074
2 0.654060 0.672120 0.011391 0.057630
2 0.661508 0.647977 0.003505 0.018694
1 0.645297 0.547505 0.009635 0.020250
0 0.665453 0.601250 0.006135 0.028037
0 0.644862 0.617597 0.010516 0.063861
0 0.599740 0.612926 0.007885 0.042056
0 0.592729 0.610597 0.007885 0.046731
0 0.573453 0.609037 0.006135 0.040500
0 0.568633 0.610597 0.005255 0.046731
0 0.636536 0.630843 0.006135 0.040500
0 0.498539 0.597352 0.005255 0.038944
0 0.489776 0.592685 0.007010 0.038944
0 0.482766 0.596574 0.008760 0.043611
0 0.021466 0.550625 0.013141 0.060750
0 0.030229 0.541278 0.009635 0.054519
0 0.078419 0.552963 0.011391 0.056074
2 0.443781 0.581000 0.007885 0.012463
0 0.453857 0.582560 0.003505 0.018694