2 0.563680 0.599583 0.048349 0.121593
1 0.992370 0.549787 0.014219 0.026204
0 0.715508 0.654088 0.022995 0.127880
1 0.056016 0.381023 0.028302 0.019917
2 0.424820 0.615306 0.046578 0.071278
2 0.756193 0.655134 0.071344 0.067083
2 0.800414 0.660898 0.018276 0.055556
2 0.691630 0.648324 0.033021 0.053463
1 0.642096 0.573903 0.009432 0.019917
0 0.663622 0.644653 0.021818 0.117398
2 0.666273 0.667713 0.060141 0.071278
2 0.218161 0.592241 0.017688 0.039833
2 0.257078 0.590676 0.010615 0.034593
0 0.699883 0.626833 0.008255 0.020963
0 0.695755 0.627884 0.007073 0.014676
1 0.627654 0.561324 0.005307 0.013630
1 0.620875 0.557130 0.004719 0.013630
2 0.453714 0.609537 0.032427 0.063944
2 0.477594 0.612162 0.017688 0.046120
2 0.495872 0.614259 0.021224 0.031444
2 0.513563 0.609542 0.007073 0.011528
2 0.525648 0.602727 0.015922 0.033546
2 0.507076 0.610065 0.003536 0.012574
2 0.536557 0.609019 0.004719 0.008389
2 0.368516 0.609542 0.017688 0.030398
0 0.596992 0.617921 0.005307 0.030398
0 0.592865 0.616875 0.004125 0.030398
0 0.601711 0.616352 0.005307 0.029352