1 0.901534 0.482704 0.018870 0.036685
0 0.992958 0.581755 0.013042 0.037731
1 0.291273 0.390986 0.060141 0.027250
1 0.292453 0.363731 0.057781 0.029352
1 0.301005 0.339102 0.041865 0.026204
1 0.293633 0.310792 0.058964 0.032491
1 0.294221 0.285116 0.058964 0.033546
1 0.559258 0.541403 0.006484 0.011528
1 0.552182 0.542454 0.007667 0.013630
1 0.552182 0.542454 0.007667 0.013630
1 0.502359 0.557648 0.005896 0.012574
1 0.502654 0.494236 0.005307 0.017824
1 0.400354 0.471704 0.005896 0.018870
1 0.399174 0.525685 0.008255 0.015722
1 0.356424 0.558176 0.012380 0.024111
1 0.431898 0.595912 0.005307 0.009435
1 0.408906 0.532495 0.013562 0.006287
2 0.828302 0.790495 0.342354 0.409657
2 0.487586 0.649532 0.090245 0.161991
2 0.179177 0.603583 0.084990 0.070093
2 0.290094 0.597486 0.057781 0.067083
2 0.249703 0.596958 0.031250 0.032491
0 0.152120 0.574426 0.011792 0.020963
0 0.057193 0.574426 0.016510 0.041926
2 0.052771 0.596435 0.020635 0.039833
0 0.057193 0.574426 0.016510 0.041926
0 0.057193 0.574426 0.016510 0.041926
0 0.129716 0.580718 0.009432 0.044028
2 0.126768 0.595917 0.014151 0.034593
2 0.333432 0.598537 0.030073 0.039833
2 0.362911 0.595912 0.002948 0.011528
2 0.375591 0.591718 0.009432 0.011528
1 0.409789 0.538259 0.012974 0.007333
1 0.408906 0.546125 0.013562 0.006287
1 0.406250 0.551889 0.004719 0.007333
2 0.413031 0.592773 0.007667 0.017824
2 0.387971 0.590148 0.008255 0.010481
0 0.603182 0.608491 0.004719 0.024111
0 0.649177 0.604824 0.010615 0.039833
2 0.649471 0.624213 0.010026 0.026204
0 0.670107 0.604824 0.005307 0.041926
0 0.675414 0.591718 0.005307 0.022009
0 0.682195 0.612157 0.014151 0.050315
2 0.683078 0.627880 0.020635 0.041926