2 0.407724 0.703352 0.211677 0.303981
2 0.515628 0.605343 0.044224 0.045074
2 0.062797 0.553986 0.041865 0.038787
2 0.596406 0.611111 0.013562 0.018870
2 0.902714 0.649889 0.176885 0.113204
2 0.808078 0.596958 0.026531 0.038787
2 0.808078 0.596958 0.026531 0.038787
1 0.578419 0.443403 0.014151 0.023065
1 0.577831 0.487421 0.021224 0.033546
1 0.577831 0.487421 0.021224 0.033546
1 0.565448 0.548213 0.004719 0.012574
1 0.733786 0.551894 0.008844 0.017824
1 0.830779 0.512579 0.015328 0.016769
1 0.471109 0.513630 0.004719 0.008389
1 0.333135 0.491088 0.007073 0.011528
1 0.470815 0.514153 0.006484 0.011528
1 0.471109 0.513097 0.007073 0.011528
0 0.167747 0.576000 0.015922 0.095389
0 0.102005 0.556602 0.028302 0.090148
0 0.135909 0.569185 0.017099 0.079667
0 0.547760 0.595912 0.022406 0.101676
0 0.547760 0.595912 0.022406 0.101676
1 0.831073 0.529875 0.014740 0.011528
0 0.812500 0.605343 0.011792 0.024111
0 0.789208 0.609019 0.014740 0.060796
0 0.724352 0.606921 0.011203 0.044028
1 0.623820 0.567611 0.009432 0.013630
1 0.588445 0.507866 0.008255 0.019917
1 0.699880 0.427676 0.044813 0.029352
1 0.699292 0.451259 0.044813 0.024111
0 0.707544 0.603250 0.009432 0.034593
0 0.687797 0.598532 0.008844 0.037731
0 0.673346 0.613736 0.009432 0.059750
0 0.663034 0.615301 0.010026 0.054509
0 0.580482 0.606921 0.011203 0.083861
2 0.547167 0.639935 0.017688 0.076519
0 0.606724 0.598532 0.005896 0.023065
2 0.265034 0.601157 0.005307 0.042981
2 0.101414 0.580190 0.060141 0.061843
0 0.118513 0.549792 0.008255 0.049269
0 0.030956 0.534588 0.022995 0.064991
2 0.062797 0.553986 0.041865 0.038787
0 0.006781 0.541931 0.013562 0.104824
2 0.020047 0.574944 0.028302 0.055556
2 0.044219 0.571278 0.023583 0.060796
0 0.267982 0.577565 0.017099 0.071278
2 0.407724 0.703352 0.211677 0.303981
0 0.126177 0.549787 0.007073 0.045074
0 0.487026 0.583333 0.007073 0.026204
2 0.253242 0.570755 0.012380 0.017824
2 0.223469 0.564991 0.023583 0.020963
2 0.198409 0.561847 0.021818 0.023065
2 0.683964 0.664569 0.027125 0.106917