1 0.943984 0.340671 0.080188 0.033546
1 0.921875 0.281444 0.038323 0.053463
1 0.873529 0.531449 0.027714 0.046120
1 0.726414 0.493190 0.020047 0.059750
1 0.727594 0.534065 0.016510 0.026204
2 0.521224 0.662995 0.102594 0.151991
2 0.635315 0.648843 0.074880 0.102722
2 0.003833 0.588046 0.007667 0.062889
2 0.007664 0.568662 0.015328 0.049269
2 0.071344 0.579667 0.119104 0.069185
2 0.261794 0.589625 0.031839 0.049269
2 0.206370 0.590667 0.095521 0.057648
2 0.153893 0.600630 0.012974 0.031444
0 0.178951 0.606394 0.040682 0.183435
0 0.209021 0.613736 0.031250 0.160380
2 0.340391 0.595019 0.053448 0.040500
2 0.405664 0.594241 0.043807 0.038944
2 0.590977 0.606694 0.020151 0.026481
2 0.467872 0.595796 0.028036 0.026481
2 0.467872 0.595796 0.028036 0.026481
2 0.491529 0.595792 0.019276 0.020250
2 0.550669 0.597352 0.020151 0.026481
2 0.602367 0.626167 0.013141 0.052963