0 0.382078 0.658282 0.113208 0.368972
2 0.372643 0.752102 0.143870 0.196019
1 0.586383 0.533542 0.010026 0.016769
1 0.586086 0.546648 0.009432 0.007333
1 0.780073 0.346963 0.040094 0.069185
2 0.476120 0.678718 0.144458 0.242139
2 0.537440 0.627884 0.034786 0.117398
2 0.641510 0.648319 0.096698 0.112157
2 0.641510 0.648319 0.096698 0.112157
2 0.575174 0.607440 0.034786 0.049269
2 0.228776 0.570759 0.090802 0.055556
0 0.315451 0.563944 0.012974 0.041926
0 0.699294 0.634171 0.037734 0.178194
0 0.725234 0.645708 0.045990 0.184491
0 0.892396 0.633125 0.019458 0.088046
2 0.903596 0.639940 0.015922 0.028306
0 0.762674 0.647273 0.040682 0.244231
0 0.712266 0.616875 0.017688 0.112157
0 0.678654 0.594866 0.009432 0.019917
0 0.658609 0.583856 0.010615 0.033546
1 0.326354 0.493708 0.008844 0.033546
0 0.030365 0.543500 0.031250 0.154093
0 0.059258 0.512579 0.011203 0.027250
0 0.105836 0.543500 0.011203 0.034593
2 0.385612 0.599060 0.018870 0.051361
2 0.386497 0.599060 0.017099 0.051361
2 0.386497 0.599060 0.017099 0.051361
2 0.397406 0.581755 0.016510 0.037731
2 0.411854 0.574421 0.013562 0.033546
2 0.425708 0.568662 0.017688 0.028306
2 0.470812 0.542454 0.038323 0.034593
2 0.470812 0.542454 0.038323 0.034593
2 0.436026 0.552931 0.026531 0.011528
2 0.334904 0.595384 0.008255 0.025157