2 0.887122 0.747375 0.224714 0.350102
2 0.747052 0.661949 0.159198 0.181343
2 0.747052 0.661949 0.159198 0.181343
2 0.655956 0.646222 0.084318 0.097481
2 0.604362 0.624218 0.058964 0.078620
2 0.115859 0.596958 0.100823 0.070231
2 0.178948 0.601157 0.031250 0.034593
0 0.224646 0.602204 0.029479 0.095389
2 0.220813 0.631551 0.038323 0.078620
2 0.266214 0.594861 0.019458 0.036685
2 0.275646 0.590148 0.014740 0.029352
2 0.312500 0.590671 0.044813 0.032491
2 0.572227 0.617403 0.028891 0.056602
2 0.557781 0.610593 0.028302 0.053463
2 0.540682 0.609542 0.016510 0.040880
2 0.533607 0.605870 0.009432 0.031444
2 0.420107 0.592245 0.017099 0.023065
2 0.433669 0.591718 0.006484 0.019917
2 0.501180 0.593287 0.008255 0.012574
2 0.435141 0.584384 0.011792 0.028306
2 0.507958 0.596435 0.008844 0.018870
2 0.192807 0.582810 0.016510 0.023065
2 0.452536 0.582810 0.007667 0.016769
2 0.528596 0.604292 0.012380 0.032491
2 0.524469 0.601153 0.014740 0.030398
2 0.514154 0.599579 0.008255 0.023065