1 0.709260 0.472741 0.014896 0.026481
1 0.774971 0.400310 0.035922 0.021806
1 0.774971 0.422116 0.035922 0.021806
1 0.381573 0.556074 0.014896 0.028037
2 0.116091 0.552181 0.232182 0.188472
2 0.527893 0.591120 0.051693 0.057630
1 0.240862 0.474315 0.011203 0.015722
1 0.240568 0.487949 0.011792 0.009435
1 0.226711 0.472750 0.011203 0.018870
1 0.226417 0.488472 0.010615 0.008389
1 0.760615 0.515199 0.005896 0.009435
0 0.298057 0.557653 0.007667 0.025157
0 0.290682 0.558699 0.005896 0.023065
0 0.313385 0.559222 0.007667 0.026204
0 0.373529 0.576519 0.005307 0.031444
0 0.343161 0.558704 0.005896 0.018870
0 0.305128 0.559222 0.006484 0.024111
0 0.376477 0.581231 0.005307 0.026204
0 0.408901 0.574954 0.008844 0.042981
1 0.753536 0.481657 0.004719 0.013630
1 0.478773 0.500528 0.008255 0.015722
0 0.420109 0.575472 0.007667 0.041926
0 0.426591 0.573898 0.006484 0.045074
0 0.433964 0.574421 0.005896 0.037731
0 0.445755 0.572856 0.007073 0.049269
0 0.458138 0.574949 0.009432 0.040880
2 0.469932 0.574949 0.016510 0.032491
2 0.452831 0.573903 0.009432 0.028306
0 0.489977 0.579139 0.015328 0.055556
2 0.487620 0.593292 0.010615 0.027250
0 0.505898 0.563940 0.008255 0.023065
2 0.500885 0.582282 0.007667 0.019917
0 0.555424 0.579144 0.012974 0.049269
0 0.547167 0.562366 0.007073 0.030398
0 0.561617 0.567606 0.006484 0.019917
1 0.578422 0.552931 0.005896 0.011528
1 0.608198 0.479032 0.008844 0.016769
1 0.607898 0.497907 0.009432 0.018870
1 0.709609 0.493708 0.014740 0.014676
1 0.754422 0.503667 0.007667 0.013630
2 0.586969 0.570750 0.030073 0.026204
0 0.920104 0.558699 0.014740 0.033546
0 0.882372 0.585954 0.045401 0.121593
2 0.887089 0.634694 0.065448 0.114259
0 0.850531 0.561847 0.008844 0.027250
0 0.798346 0.563944 0.009432 0.020963
0 0.731424 0.569704 0.006484 0.036685
2 0.639742 0.572324 0.024766 0.018870
2 0.622349 0.572856 0.007667 0.017824
0 0.616448 0.567611 0.004125 0.034593
2 0.658021 0.575472 0.005896 0.010481
2 0.704302 0.574421 0.025354 0.023065
2 0.716096 0.573894 0.015922 0.022009
2 0.738505 0.570231 0.007667 0.018870
0 0.726122 0.567606 0.005307 0.032491
0 0.684552 0.571278 0.005896 0.031444
2 0.684255 0.582287 0.019458 0.015722
0 0.665682 0.575991 0.010615 0.047167
2 0.667156 0.585949 0.007667 0.027250
2 0.671583 0.575472 0.004719 0.012574