0 0.658443 0.669000 0.046437 0.275704
2 0.283003 0.664333 0.229557 0.275704
2 0.380909 0.601245 0.080161 0.174454
2 0.380909 0.601245 0.080161 0.174454
2 0.431901 0.591718 0.025354 0.070231
2 0.762089 0.690255 0.190448 0.212787
2 0.873232 0.817611 0.134432 0.303981
2 0.688680 0.591190 0.037734 0.067083
2 0.642396 0.635222 0.037146 0.140463
2 0.602888 0.632074 0.045401 0.081759
2 0.577536 0.605866 0.060729 0.085954
2 0.547758 0.603250 0.018870 0.057648
2 0.444872 0.589097 0.010026 0.056602
2 0.540096 0.597486 0.014151 0.046120
0 0.943956 0.745329 0.111047 0.506231
0 0.784169 0.571648 0.019276 0.031148
0 0.784169 0.571648 0.019276 0.031148
2 0.524388 0.585667 0.020151 0.028037
2 0.514313 0.584894 0.007010 0.023361
2 0.447724 0.580218 0.022781 0.048287
2 0.460427 0.580218 0.009635 0.032713
2 0.465247 0.579435 0.003505 0.028037
2 0.471378 0.573208 0.003505 0.018694
2 0.466557 0.570093 0.007885 0.024926
2 0.471818 0.565426 0.009635 0.024926
2 0.471818 0.565426 0.009635 0.024926
2 0.503359 0.575542 0.006135 0.023361
0 0.508615 0.582556 0.006135 0.040500
2 0.507740 0.597356 0.000875 0.020250
2 0.499414 0.571653 0.005255 0.018694
2 0.496349 0.568537 0.006135 0.015574
2 0.471818 0.565426 0.009635 0.024926