1 0.629964 0.467287 0.014021 0.043611
1 0.563815 0.522583 0.004380 0.014019
1 0.563378 0.507787 0.005255 0.015574
1 0.381568 0.500778 0.009635 0.017130
1 0.382448 0.482083 0.009635 0.017130
2 0.141937 0.608250 0.196260 0.141741
2 0.046437 0.639407 0.092875 0.191593
2 0.755255 0.701708 0.248833 0.288157
2 0.893138 0.789722 0.212682 0.417444
2 0.755255 0.701708 0.248833 0.288157
2 0.754815 0.701708 0.247953 0.288157
2 0.754815 0.701708 0.247953 0.288157
2 0.650990 0.579440 0.040302 0.046731
2 0.285633 0.600463 0.049068 0.070093
2 0.329875 0.595014 0.016646 0.049843
2 0.344333 0.595019 0.014021 0.052963
2 0.358352 0.593463 0.010516 0.040500
2 0.246203 0.599690 0.024531 0.065417
2 0.228245 0.573204 0.014896 0.031148
2 0.578711 0.618384 0.027161 0.062306
2 0.607185 0.610588 0.028036 0.062306
1 0.539279 0.547509 0.004380 0.010907
2 0.516062 0.574769 0.017521 0.028037
2 0.454292 0.579440 0.021906 0.037380
2 0.427130 0.577884 0.032417 0.021806
2 0.467000 0.576324 0.007010 0.012463
2 0.476195 0.578657 0.013141 0.017130
2 0.497667 0.573991 0.007010 0.010907
2 0.469190 0.569315 0.011391 0.010907