0 0.542451 0.617403 0.049526 0.186583
0 0.467276 0.666662 0.100823 0.371065
0 0.467276 0.666662 0.100823 0.371065
2 0.919862 0.885829 0.159234 0.226491
1 0.921292 0.246102 0.048188 0.071648
1 0.922164 0.322431 0.051693 0.077880
1 0.909901 0.492995 0.007885 0.020250
1 0.288260 0.505454 0.007010 0.017130
1 0.349154 0.360593 0.028911 0.054519
0 0.689984 0.636287 0.046437 0.169778
0 0.769714 0.646421 0.037677 0.171343
0 0.291326 0.599694 0.027161 0.109037
0 0.017086 0.561523 0.020151 0.091898
0 0.751315 0.623056 0.018401 0.137074
0 0.803883 0.661218 0.035922 0.172898
0 0.783607 0.622644 0.020047 0.138361
2 0.818104 0.605870 0.013562 0.039833
0 0.846109 0.617403 0.045990 0.115306
2 0.846992 0.665620 0.085495 0.098537
0 0.875589 0.607963 0.033021 0.111111
2 0.900057 0.661954 0.025354 0.084907
0 0.943396 0.647278 0.028302 0.177148
0 0.948112 0.597481 0.041276 0.123685
2 0.972581 0.662472 0.045401 0.098537
0 0.987062 0.651468 0.024833 0.181343
1 0.739685 0.546116 0.010026 0.016769
1 0.701354 0.554505 0.008844 0.016769
2 0.707547 0.593810 0.011792 0.032491
2 0.718747 0.594338 0.015328 0.027250
2 0.724943 0.595917 0.008844 0.024111
2 0.728771 0.589625 0.017688 0.028306
2 0.674232 0.599051 0.011203 0.032491
2 0.556604 0.591718 0.007073 0.022009
2 0.572818 0.588051 0.026531 0.027250
2 0.600237 0.589625 0.030661 0.022009
2 0.619398 0.588051 0.010026 0.016769
2 0.632667 0.586481 0.023583 0.024111
2 0.520339 0.589102 0.026531 0.029352
0 0.523878 0.568657 0.005307 0.007333
1 0.502065 0.556079 0.011203 0.019917
2 0.498232 0.575995 0.020047 0.022009
0 0.354656 0.578097 0.008844 0.049269
2 0.370284 0.581759 0.025943 0.018870
0 0.389445 0.586472 0.005307 0.036685
0 0.401237 0.568130 0.005307 0.012574
0 0.307487 0.575472 0.011203 0.041926
2 0.306602 0.585431 0.014151 0.032491
0 0.321932 0.562889 0.004719 0.010481
2 0.326945 0.578616 0.028891 0.025157
1 0.303068 0.517815 0.005896 0.012574
1 0.322521 0.503667 0.007073 0.013630
1 0.314266 0.503144 0.007073 0.014676
0 0.267688 0.574426 0.007073 0.048222
0 0.262677 0.577046 0.004125 0.042981
0 0.258552 0.573903 0.007667 0.049269
0 0.251768 0.569185 0.009432 0.048222
2 0.201648 0.575991 0.009432 0.015722
2 0.184846 0.574421 0.015922 0.016769
0 0.038917 0.557125 0.010615 0.070231
1 0.040388 0.513102 0.005307 0.013630
0 0.057193 0.564468 0.010615 0.070231
0 0.066333 0.567088 0.014740 0.073380
0 0.091099 0.569181 0.008844 0.027250
0 0.093456 0.559755 0.010026 0.033546
2 0.466096 0.786690 0.079599 0.120546
0 0.467276 0.666662 0.100823 0.371065