0 0.522635 0.647977 0.032417 0.199380
0 0.557487 0.650417 0.044224 0.168759
0 0.557487 0.650417 0.044224 0.168759
2 0.089919 0.621597 0.176297 0.205454
1 0.017393 0.500523 0.006484 0.032491
0 0.020932 0.539838 0.014740 0.044028
2 0.436617 0.631546 0.135026 0.097481
1 0.974352 0.548741 0.022995 0.036685
1 0.756188 0.306079 0.032427 0.054509
1 0.756784 0.349579 0.021818 0.028306
1 0.756190 0.396227 0.046578 0.067083
1 0.786557 0.440250 0.023583 0.039833
1 0.764740 0.573898 0.016510 0.024111
2 0.292456 0.605347 0.127359 0.093287
1 0.645344 0.546120 0.008844 0.020963
1 0.504716 0.501051 0.008255 0.014676
1 0.322523 0.470130 0.009432 0.015722
2 0.502651 0.613731 0.037146 0.053463
2 0.546284 0.604819 0.017099 0.033546
2 0.544221 0.633120 0.012974 0.012574
2 0.377951 0.606921 0.024766 0.033546
2 0.402714 0.561847 0.033021 0.056602
2 0.445755 0.579144 0.010615 0.011528
0 0.935438 0.679764 0.035969 0.143602
0 0.876768 0.673486 0.037734 0.149898
0 0.665682 0.647796 0.022406 0.092241
0 0.777417 0.639417 0.025354 0.098537
2 0.781839 0.681343 0.044813 0.090148
2 0.663914 0.666139 0.037734 0.076519
2 0.951651 0.627356 0.044813 0.072324
0 0.900354 0.659856 0.028302 0.131028
2 0.903305 0.693917 0.008255 0.071278
0 0.841096 0.661426 0.017099 0.090148
0 0.823112 0.660898 0.018870 0.084907
0 0.807487 0.657759 0.012380 0.084907
0 0.758844 0.651468 0.005896 0.078620
0 0.738503 0.649894 0.017099 0.083861
2 0.716688 0.641505 0.035969 0.046120
2 0.687208 0.623685 0.030073 0.052407
2 0.655958 0.608495 0.013562 0.019917
0 0.647995 0.616347 0.011792 0.067083
0 0.634138 0.629454 0.006484 0.042981
2 0.640328 0.632602 0.005896 0.034593
0 0.671284 0.618972 0.017099 0.055556
0 0.593161 0.610583 0.007073 0.047167
0 0.601708 0.612162 0.007667 0.044028
0 0.573409 0.603245 0.005307 0.030398
2 0.170990 0.566560 0.035375 0.030398
2 0.210492 0.567611 0.015328 0.034593
0 0.222878 0.563940 0.012974 0.046120
0 0.267393 0.552931 0.006484 0.011528
0 0.274766 0.552931 0.005896 0.011528
0 0.310437 0.564463 0.007667 0.024111
0 0.298052 0.557130 0.004125 0.013630
0 0.346404 0.580190 0.011203 0.040880
0 0.338740 0.574421 0.007667 0.035639
0 0.301885 0.556606 0.005896 0.016769
0 0.359372 0.573375 0.006484 0.033546
0 0.366156 0.573898 0.005896 0.036685
0 0.370875 0.580708 0.004719 0.025157
0 0.377063 0.576523 0.007667 0.035639
0 0.382958 0.570231 0.004125 0.020963
2 0.425115 0.584907 0.057781 0.018870
0 0.500885 0.587528 0.002948 0.024111
0 0.495578 0.588579 0.004125 0.028306
0 0.490859 0.587005 0.004125 0.025157
0 0.478477 0.586481 0.005307 0.024111
0 0.475826 0.585958 0.003536 0.023065
0 0.472583 0.585435 0.004125 0.024111