1 0.263286 0.179907 0.046437 0.110593
1 0.969919 0.506231 0.036797 0.052963
2 0.526578 0.647977 0.171729 0.214954
2 0.619451 0.640968 0.059578 0.119935
2 0.660190 0.634736 0.044682 0.088787
2 0.948339 0.721968 0.102281 0.241435
2 0.890187 0.665889 0.101635 0.141741
2 0.687357 0.629282 0.041182 0.074769
2 0.717583 0.623051 0.029792 0.049843
0 0.797820 0.691833 0.054109 0.236019
2 0.844063 0.649884 0.035865 0.098435
2 0.830221 0.639259 0.024536 0.077185
0 0.775482 0.616889 0.030828 0.086130
0 0.757885 0.620718 0.017521 0.073213
2 0.757883 0.647977 0.005255 0.037380
2 0.810893 0.606694 0.011391 0.014019
2 0.721964 0.613708 0.024531 0.049843
2 0.738172 0.617606 0.009635 0.032713
2 0.743870 0.614481 0.014021 0.029593