2 0.840247 0.792514 0.318464 0.413120
2 0.763268 0.637310 0.181016 0.148843
2 0.456958 0.626310 0.090802 0.149898
2 0.651240 0.633125 0.092573 0.096435
2 0.595221 0.615306 0.057193 0.069185
2 0.561909 0.597481 0.053068 0.069185
2 0.513266 0.602194 0.037146 0.068130
2 0.497049 0.567611 0.015328 0.015722
2 0.142396 0.569704 0.077240 0.057648
2 0.012086 0.536685 0.010026 0.060796
0 0.012086 0.536685 0.010026 0.060796
0 0.197229 0.568662 0.043042 0.049269
2 0.197229 0.568662 0.043042 0.049269
2 0.238206 0.566037 0.042453 0.048222
2 0.309552 0.573903 0.027125 0.030398
2 0.266211 0.571801 0.018276 0.030398
2 0.349940 0.568134 0.010026 0.014676
2 0.283315 0.568134 0.021818 0.033546
2 0.338148 0.564991 0.006484 0.008389