2 0.096378 0.644861 0.192755 0.168222
2 0.704878 0.658102 0.151578 0.166667
1 0.915159 0.429134 0.027161 0.045176
1 0.915159 0.461060 0.027161 0.018694
1 0.915596 0.481306 0.026286 0.015574
1 0.915594 0.497667 0.024531 0.014019
1 0.781104 0.467287 0.014896 0.028037
1 0.781104 0.490657 0.014896 0.015574
1 0.781102 0.504671 0.013141 0.009343
1 0.781542 0.515579 0.014021 0.009343
1 0.752625 0.512458 0.017521 0.034269
0 0.017961 0.563088 0.035922 0.104361
2 0.170417 0.604366 0.069219 0.090343
2 0.226049 0.598134 0.057828 0.087231
0 0.251896 0.558412 0.007885 0.032713
2 0.276872 0.594236 0.049068 0.063861
2 0.315859 0.589560 0.037677 0.051398
2 0.890510 0.683801 0.217938 0.202491
2 0.655810 0.600468 0.042932 0.051398
2 0.346086 0.581000 0.036797 0.052963
2 0.625146 0.604361 0.055198 0.071648
2 0.595357 0.600468 0.028911 0.051398
2 0.373247 0.577106 0.026286 0.045176
2 0.438958 0.568537 0.022781 0.024926
2 0.577833 0.596574 0.023656 0.043611
2 0.389740 0.578616 0.007073 0.033546
2 0.396224 0.579144 0.007073 0.028306
2 0.405073 0.579134 0.011792 0.022009
2 0.413323 0.579667 0.005896 0.018870
2 0.489094 0.579144 0.013562 0.019917
2 0.508549 0.576000 0.011203 0.013630
2 0.568984 0.588051 0.029479 0.046120
2 0.552477 0.589097 0.015328 0.035639
2 0.544221 0.588056 0.012974 0.029352
2 0.536555 0.585426 0.014151 0.026204
2 0.535672 0.579667 0.019458 0.029352
2 0.389740 0.578616 0.007073 0.033546