2 0.187794 0.538255 0.375589 0.162472
2 0.843195 0.790417 0.312568 0.417315
2 0.480836 0.674528 0.186911 0.296648
2 0.683078 0.648324 0.184552 0.185537
2 0.392099 0.581759 0.033021 0.041926
2 0.767984 0.595389 0.059552 0.050315
0 0.353531 0.598130 0.023656 0.099685
1 0.613318 0.559972 0.007010 0.014019
1 0.709698 0.443926 0.031542 0.015574
1 0.558992 0.547509 0.005255 0.010907
1 0.718458 0.502333 0.014021 0.026481
1 0.919539 0.556856 0.013141 0.020250
0 0.856016 0.574769 0.017521 0.028037
0 0.761388 0.592681 0.021026 0.032713
1 0.709698 0.461056 0.031542 0.015574
1 0.710135 0.478194 0.030667 0.015574
2 0.772779 0.628500 0.021026 0.042056
0 0.565451 0.592245 0.024766 0.073380
2 0.575471 0.611634 0.018870 0.059750
2 0.831076 0.589097 0.033609 0.027250
1 0.699000 0.552417 0.007667 0.018870
0 0.353531 0.598130 0.023656 0.099685