2 0.536656 0.690810 0.209406 0.269472
0 0.995651 0.594236 0.007656 0.032713
0 0.855141 0.618380 0.017521 0.081000
0 0.612878 0.578657 0.020151 0.054519
1 0.479266 0.523370 0.014021 0.024926
1 0.424940 0.516356 0.010516 0.023361
1 0.424500 0.535046 0.009635 0.014019
0 0.836740 0.621491 0.022781 0.084111
2 0.834987 0.636287 0.012266 0.057630
0 0.753068 0.584111 0.009635 0.028037
2 0.771029 0.634736 0.010516 0.032713
0 0.735544 0.616829 0.025411 0.087231
2 0.739487 0.635514 0.059578 0.065417
0 0.245766 0.579435 0.007885 0.043611
2 0.226049 0.580213 0.035047 0.029593
2 0.003943 0.586449 0.007885 0.045176
2 0.045562 0.596574 0.070094 0.068537