2 0.929576 0.714361 0.139807 0.214889
2 0.929576 0.714361 0.139807 0.214889
2 0.795695 0.664051 0.188089 0.160380
2 0.686023 0.632074 0.091391 0.100630
2 0.058667 0.582810 0.105542 0.083861
2 0.142690 0.582282 0.070755 0.061843
2 0.203714 0.580190 0.053656 0.049269
1 0.631279 0.500782 0.027161 0.076324
2 0.484523 0.625394 0.096380 0.157324
2 0.548484 0.602801 0.045562 0.077880
2 0.593167 0.606694 0.045562 0.057630
2 0.285628 0.578662 0.036797 0.045176
2 0.314544 0.574769 0.026286 0.028037
2 0.338201 0.580995 0.035047 0.037380
2 0.353099 0.571657 0.014021 0.024926
2 0.371932 0.572431 0.023656 0.032713
2 0.387703 0.573204 0.007885 0.015574
2 0.392964 0.565417 0.007885 0.015574
2 0.392964 0.565417 0.007885 0.015574
0 0.647404 0.585954 0.008255 0.041926