1 0.350031 0.383176 0.021906 0.040500
1 0.349646 0.426625 0.023583 0.044028
1 0.174529 0.541931 0.009432 0.016769
1 0.048349 0.540884 0.007073 0.023065
0 0.629716 0.614259 0.031839 0.111111
0 0.658609 0.609537 0.029479 0.114259
2 0.448115 0.614255 0.033021 0.037731
0 0.452240 0.600102 0.011792 0.055556
2 0.414505 0.611116 0.017688 0.033546
2 0.437797 0.591199 0.019458 0.035639
2 0.464328 0.599579 0.024177 0.054509
2 0.492039 0.600634 0.039505 0.044028
2 0.516214 0.602731 0.043042 0.048222
2 0.554833 0.598528 0.011792 0.031444
2 0.578419 0.601153 0.041276 0.040880
2 0.606133 0.599060 0.021224 0.038787
2 0.662440 0.595912 0.006484 0.019917
2 0.674826 0.598005 0.005307 0.019917
2 0.685729 0.596963 0.023583 0.026204
2 0.710495 0.595917 0.011792 0.024111
2 0.718159 0.590144 0.020047 0.025157
2 0.981130 0.606398 0.016510 0.034593
2 0.958724 0.605343 0.007073 0.026204
2 0.954893 0.594338 0.011203 0.016769
2 0.005602 0.588569 0.011203 0.032491