1 0.902893 0.435356 0.025411 0.101250
0 0.808703 0.601245 0.022781 0.065417
2 0.809578 0.626167 0.045562 0.052963
2 0.772779 0.619162 0.057828 0.045176
2 0.833674 0.623833 0.027161 0.038944
1 0.706630 0.549843 0.006135 0.012463
1 0.651432 0.452491 0.014896 0.026481
1 0.651432 0.452491 0.014896 0.026481
0 0.682536 0.603583 0.014021 0.070093
0 0.180927 0.567759 0.037677 0.113704
2 0.180490 0.617602 0.045562 0.098130
2 0.180490 0.617602 0.045562 0.098130
0 0.721526 0.605917 0.007885 0.071648
0 0.703565 0.608255 0.012266 0.063861
2 0.645734 0.607477 0.063083 0.049843
1 0.573451 0.556852 0.002630 0.010907
2 0.225174 0.557634 0.026286 0.037380
0 0.308411 0.575546 0.015771 0.082556
0 0.423625 0.576319 0.009635 0.037380
2 0.547167 0.570870 0.032417 0.070093
2 0.468313 0.580218 0.023656 0.035824
2 0.482766 0.577884 0.017521 0.037380
2 0.497227 0.580213 0.011391 0.029593
2 0.509932 0.582560 0.015771 0.018694
2 0.509932 0.582560 0.015771 0.018694
2 0.581956 0.617921 0.076651 0.099583