2 0.356154 0.628005 0.171068 0.304120
2 0.526737 0.633162 0.131443 0.170102
1 0.758695 0.158935 0.063786 0.104815
1 0.211664 0.493125 0.011599 0.027491
1 0.604544 0.547245 0.006766 0.018898
1 0.265789 0.520616 0.007734 0.027491
1 0.809922 0.476806 0.013531 0.025778
1 0.809443 0.504296 0.014500 0.025778
1 0.809922 0.476806 0.013531 0.025778
2 0.917203 0.639176 0.139177 0.096222
2 0.057508 0.594505 0.086016 0.075602
2 0.233891 0.579032 0.027062 0.034361
2 0.200063 0.589347 0.040594 0.044676
0 0.918633 0.580190 0.012974 0.022009
0 0.705187 0.612153 0.011792 0.088046
0 0.691919 0.598005 0.018276 0.070231
0 0.646229 0.603778 0.033021 0.109019
2 0.648880 0.648852 0.032427 0.090148
2 0.247641 0.573375 0.007073 0.014676
2 0.085495 0.556083 0.022406 0.015722
2 0.105836 0.564991 0.012380 0.018870
0 0.586677 0.591194 0.016510 0.048222
0 0.597581 0.591194 0.006484 0.060796
2 0.605539 0.620546 0.015328 0.029352
2 0.590508 0.634171 0.006484 0.033546
0 0.576063 0.574426 0.007073 0.031444
0 0.139151 0.571806 0.007073 0.034593