2 0.134492 0.665509 0.268984 0.270222
2 0.134492 0.665509 0.268984 0.270222
2 0.460865 0.695481 0.185750 0.275704
2 0.863349 0.757782 0.272260 0.288157
1 0.851633 0.514801 0.043807 0.032713
1 0.830169 0.485981 0.034172 0.028037
1 0.830169 0.443148 0.034172 0.054519
1 0.831044 0.387852 0.034172 0.052963
1 0.484081 0.461838 0.004380 0.023361
1 0.534461 0.524917 0.010516 0.015574
2 0.354409 0.600468 0.067464 0.079435
0 0.664208 0.614778 0.008844 0.024111
0 0.670693 0.596435 0.020635 0.041926
0 0.650651 0.591718 0.019458 0.038787
2 0.642984 0.593287 0.014740 0.020963
2 0.661854 0.592245 0.007667 0.014676
1 0.543339 0.557648 0.004125 0.010481
1 0.535969 0.506287 0.005896 0.008389
1 0.479068 0.530917 0.004125 0.007333
1 0.379130 0.514676 0.004719 0.008389
0 0.326062 0.570236 0.005896 0.044028
0 0.298937 0.564991 0.005896 0.031444
0 0.247641 0.551884 0.005896 0.019917