1 0.393849 0.638319 0.031896 0.042954
1 0.394812 0.577315 0.045427 0.079037
1 0.824904 0.539519 0.010630 0.037796
1 0.350841 0.515463 0.007734 0.030926
2 0.322323 0.572167 0.012563 0.017185
1 0.202482 0.486259 0.010630 0.041241
2 0.168172 0.569593 0.027062 0.032648
2 0.016914 0.549833 0.029964 0.041241
2 0.077805 0.576458 0.064755 0.053269
2 0.546552 0.637458 0.147875 0.240546
2 0.661081 0.622852 0.032859 0.056704
2 0.692008 0.625426 0.019328 0.061852
2 0.624115 0.616870 0.007667 0.047167
0 0.633253 0.603773 0.014151 0.085954
2 0.643573 0.626838 0.007667 0.035639
2 0.633547 0.630505 0.004125 0.017824
2 0.643279 0.626315 0.008255 0.034593
0 0.708724 0.632597 0.023583 0.110065
0 0.752945 0.607968 0.025943 0.094343
2 0.748232 0.641514 0.021224 0.083861
0 0.796875 0.623690 0.026531 0.096435
2 0.794810 0.655657 0.025943 0.068130
1 0.025057 0.495282 0.008844 0.017824
1 0.022701 0.529352 0.010026 0.018870
0 0.888563 0.612685 0.038917 0.066037
0 0.881190 0.653037 0.012380 0.020963
2 0.874409 0.696019 0.070755 0.119500