2 0.927216 0.883653 0.144526 0.226417
2 0.492039 0.688676 0.268276 0.345907
2 0.295104 0.542449 0.230542 0.252620
2 0.747643 0.680292 0.258255 0.249472
2 0.875885 0.678194 0.093750 0.171907
2 0.880013 0.594866 0.051297 0.038787
2 0.295104 0.542449 0.230542 0.252620
2 0.295104 0.542449 0.230542 0.252620
1 0.958135 0.558699 0.016510 0.023065
1 0.754125 0.496852 0.017688 0.029352
1 0.623526 0.563417 0.007667 0.013630
1 0.732313 0.552931 0.010615 0.022009
1 0.744104 0.470125 0.035375 0.019917
1 0.743807 0.451264 0.035969 0.017824
1 0.743807 0.432394 0.035969 0.017824
1 0.743807 0.451264 0.035969 0.017824
1 0.744104 0.470125 0.035375 0.019917
0 0.663034 0.584907 0.010026 0.031444
0 0.641805 0.585431 0.011203 0.038787
2 0.641805 0.600106 0.010026 0.028306
0 0.627654 0.588569 0.011203 0.040880
2 0.628242 0.600630 0.012380 0.031444
0 0.015622 0.567611 0.017099 0.055556