2 0.787438 0.743185 0.316625 0.312370
2 0.913654 0.674528 0.171651 0.225370
1 0.030365 0.513106 0.008844 0.019917
1 0.209315 0.504190 0.008255 0.014676
1 0.180424 0.536690 0.009432 0.014676
1 0.679836 0.526208 0.009432 0.025157
1 0.527419 0.555028 0.006484 0.015722
1 0.301591 0.555032 0.005307 0.011528
2 0.558081 0.604296 0.033609 0.053463
2 0.348279 0.579444 0.056953 0.040500
2 0.348279 0.579444 0.056953 0.040500
2 0.407857 0.585667 0.028911 0.028037
2 0.583966 0.599685 0.020151 0.028037
2 0.452539 0.588000 0.020151 0.017130
2 0.487151 0.587222 0.014021 0.015574
2 0.532271 0.587227 0.006135 0.009343
2 0.518693 0.585671 0.007010 0.009343
2 0.505112 0.588009 0.013141 0.010907
2 0.497667 0.587231 0.007010 0.012463
0 0.301299 0.578093 0.002359 0.034593