2 0.406253 0.703880 0.212266 0.296648
2 0.052708 0.556236 0.077375 0.043287
2 0.552185 0.612162 0.050120 0.044028
2 0.607310 0.614259 0.031839 0.029352
2 0.920729 0.661426 0.157500 0.123685
2 0.815448 0.599056 0.035375 0.034593
1 0.583135 0.486898 0.022406 0.034593
1 0.584609 0.442870 0.014740 0.024111
1 0.583727 0.442352 0.015328 0.029352
1 0.595518 0.507338 0.008255 0.014676
1 0.823997 0.509435 0.011203 0.020963
1 0.824589 0.530921 0.013562 0.011528
1 0.725826 0.415097 0.049526 0.033546
1 0.726120 0.441296 0.048937 0.031444
1 0.630013 0.570231 0.010026 0.012574
0 0.839370 0.609810 0.015771 0.035824
0 0.807826 0.609815 0.010516 0.026481
0 0.795997 0.616046 0.013141 0.054519
0 0.735544 0.682241 0.097255 0.389407
2 0.737297 0.795949 0.116531 0.239880
0 0.683414 0.606699 0.010516 0.032713
0 0.667641 0.622273 0.007010 0.060750
0 0.587909 0.613704 0.012266 0.084111
1 0.569073 0.550620 0.006135 0.014019
0 0.531831 0.593454 0.005255 0.015574
0 0.525263 0.605917 0.004380 0.024926
0 0.517818 0.599690 0.007010 0.034269
0 0.512120 0.596574 0.006135 0.031148
1 0.471378 0.516361 0.005255 0.010907
1 0.330318 0.492991 0.007010 0.010907
0 0.211596 0.583333 0.027161 0.113704
2 0.208089 0.609815 0.023656 0.082556
0 0.147635 0.579440 0.016646 0.102806
2 0.052708 0.556236 0.077375 0.043287
0 0.008323 0.545171 0.016646 0.077880
2 0.017961 0.575542 0.035922 0.063861
0 0.114779 0.567755 0.035047 0.101250
0 0.098570 0.568532 0.018401 0.090343
2 0.114779 0.591125 0.057828 0.060750
0 0.783612 0.611639 0.012974 0.026204
2 0.253831 0.573370 0.022995 0.020963
0 0.485849 0.589102 0.007073 0.029352
0 0.505604 0.598532 0.007667 0.037731