0 0.186320 0.640458 0.081370 0.358491
1 0.291273 0.522537 0.008255 0.015722
2 0.272997 0.624741 0.093161 0.140463
2 0.164503 0.729560 0.140328 0.295602
0 0.365859 0.597486 0.031250 0.146750
2 0.360258 0.640986 0.036557 0.120546
2 0.823737 0.757921 0.351484 0.482306
2 0.089034 0.673486 0.178068 0.311324
2 0.229659 0.653037 0.021818 0.161426
2 0.328714 0.600111 0.060729 0.114259
2 0.573344 0.622639 0.088906 0.113204
2 0.435253 0.589856 0.039245 0.057083
2 0.472414 0.575056 0.019620 0.027481
2 0.409091 0.578755 0.024974 0.034880
2 0.503336 0.575583 0.025568 0.037000
2 0.490255 0.567653 0.007729 0.019028
2 0.490255 0.567653 0.008917 0.019028
2 0.450789 0.564639 0.004380 0.017130