1 0.753539 0.542977 0.018870 0.033546
1 0.734672 0.444440 0.045990 0.016769
1 0.644753 0.521486 0.012380 0.038787
1 0.645341 0.550310 0.010026 0.016769
2 0.483193 0.668764 0.123229 0.176102
2 0.594633 0.630500 0.051297 0.074426
2 0.096404 0.589625 0.051297 0.051361
2 0.162440 0.588569 0.114974 0.082806
2 0.227005 0.601153 0.005896 0.038787
2 0.234375 0.583333 0.019458 0.024111
2 0.326357 0.599583 0.034786 0.041926
2 0.395047 0.600630 0.038917 0.031444
2 0.435438 0.599583 0.025354 0.031444
2 0.571047 0.609014 0.014740 0.025157
2 0.623232 0.609014 0.009432 0.016769
2 0.617042 0.612162 0.007667 0.025157
2 0.525945 0.601153 0.020047 0.030398
2 0.536555 0.598532 0.009432 0.016769
0 0.955776 0.650421 0.028302 0.101676
0 0.934258 0.640463 0.022995 0.111111
0 0.793336 0.640991 0.018276 0.103778
0 0.771818 0.636796 0.022406 0.103778
0 0.793336 0.640991 0.018276 0.103778
0 0.782135 0.619500 0.008844 0.058704
0 0.286555 0.605343 0.021224 0.118444
0 0.303065 0.609537 0.020047 0.105870
0 0.027714 0.594866 0.035375 0.120546
0 0.027714 0.594866 0.035375 0.120546
0 0.062206 0.601157 0.021818 0.105870
0 0.057195 0.593292 0.014151 0.115306