1 0.133844 0.383648 0.027125 0.041926
1 0.132961 0.413519 0.017099 0.015722
1 0.630896 0.391505 0.022406 0.040880
1 0.631193 0.435009 0.025354 0.041926
1 0.631779 0.465403 0.017099 0.016769
1 0.604953 0.513630 0.011792 0.029352
1 0.633844 0.522009 0.004719 0.020963
1 0.511497 0.515722 0.012380 0.018870
1 0.155958 0.517292 0.007667 0.011528
1 0.155958 0.526208 0.007667 0.006287
1 0.155661 0.534593 0.007073 0.008389
1 0.146518 0.547171 0.006484 0.016769
1 0.145930 0.559750 0.005307 0.008389
2 0.373232 0.590671 0.082547 0.122639
1 0.543336 0.540880 0.006484 0.012574
2 0.733784 0.583333 0.051297 0.047167
2 0.805721 0.581241 0.072526 0.042981
2 0.852891 0.579667 0.024177 0.039833
2 0.483195 0.582806 0.022995 0.029352
2 0.479956 0.577046 0.018870 0.034593
2 0.479365 0.559222 0.017688 0.024111
2 0.439271 0.573898 0.005896 0.007333
2 0.322820 0.587005 0.022995 0.033546
2 0.036260 0.591194 0.048937 0.039833
0 0.698799 0.581866 0.026578 0.137361
2 0.699414 0.621981 0.008036 0.090111
2 0.699414 0.621981 0.008036 0.090111