2 0.520049 0.671912 0.155661 0.215935
1 0.645344 0.360593 0.043042 0.069185
1 0.680427 0.383653 0.033021 0.054509
1 0.835203 0.516769 0.013562 0.041926
1 0.312503 0.536162 0.008255 0.017824
2 0.222586 0.570236 0.050120 0.033546
2 0.280661 0.562898 0.023583 0.018870
1 0.344930 0.569708 0.008255 0.017824
2 0.887971 0.638889 0.087266 0.114259
2 0.433664 0.571278 0.018276 0.029352
2 0.478479 0.582806 0.048937 0.050315
2 0.592573 0.563412 0.011792 0.022009
2 0.397995 0.575468 0.028302 0.025157
2 0.377651 0.575477 0.014740 0.023065
2 0.354659 0.575995 0.040682 0.028306
2 0.592573 0.563412 0.011792 0.022009
2 0.593161 0.581764 0.010615 0.016769
0 0.322867 0.573986 0.011391 0.045176
0 0.445529 0.580995 0.013141 0.037380
0 0.329875 0.575546 0.009635 0.038944
0 0.417932 0.575551 0.007010 0.045176
0 0.423187 0.575546 0.007010 0.038944
0 0.452542 0.577884 0.006135 0.034269
0 0.691919 0.570227 0.006484 0.014676
1 0.681604 0.473269 0.029479 0.013630
1 0.677477 0.495806 0.018870 0.008389
1 0.677771 0.507333 0.020635 0.010481
1 0.678065 0.519394 0.020047 0.009435
0 0.157135 0.570231 0.014740 0.039833
2 0.158016 0.580190 0.023583 0.028306
1 0.176888 0.535120 0.008255 0.013630