1 0.665010 0.422116 0.017521 0.049843
1 0.665451 0.457944 0.018401 0.028037
1 0.647927 0.446264 0.016646 0.045176
1 0.371495 0.532713 0.008760 0.015574
1 0.592729 0.535824 0.006135 0.015574
1 0.588786 0.548287 0.007010 0.012463
2 0.960281 0.640185 0.061333 0.112148
0 0.720211 0.598125 0.019276 0.065417
2 0.581336 0.591120 0.018401 0.026481
2 0.562500 0.587231 0.015771 0.024926
2 0.077542 0.591903 0.046437 0.090343
2 0.133177 0.601245 0.024531 0.059194
2 0.206339 0.595792 0.092000 0.076324
2 0.272487 0.592681 0.052568 0.060750
2 0.028036 0.603579 0.056073 0.107472
2 0.317609 0.586444 0.046437 0.057630
2 0.358352 0.588005 0.036797 0.045176
2 0.550672 0.580222 0.006135 0.010907
2 0.536214 0.584116 0.014021 0.018694
2 0.414867 0.588009 0.028911 0.038944
2 0.459552 0.580995 0.016646 0.018694
2 0.499414 0.582556 0.012266 0.015574
2 0.487148 0.579440 0.012266 0.018694
2 0.476198 0.581778 0.007885 0.017130
0 0.160776 0.562306 0.009635 0.056074
2 0.237880 0.551403 0.007885 0.021806
2 0.264602 0.554519 0.036797 0.028037
0 0.397779 0.573208 0.005255 0.021806
0 0.406539 0.568537 0.005255 0.015574