2 0.104953 0.619500 0.209906 0.150944
2 0.019458 0.563944 0.038917 0.039833
2 0.197526 0.581231 0.028302 0.036685
2 0.227594 0.583329 0.029479 0.040880
2 0.554833 0.621593 0.114385 0.098537
2 0.615862 0.610060 0.045401 0.064991
2 0.615862 0.610060 0.045401 0.064991
2 0.906542 0.594338 0.038323 0.088046
2 0.731724 0.607440 0.056604 0.061843
2 0.731724 0.607440 0.056604 0.061843
2 0.706367 0.603250 0.018870 0.045074
2 0.765919 0.604819 0.021224 0.035639
2 0.795107 0.607968 0.033609 0.033546
2 0.822523 0.607968 0.024766 0.027250
2 0.838440 0.603245 0.015328 0.022009
2 0.857310 0.602727 0.018870 0.014676
1 0.688680 0.449157 0.021224 0.036685
0 0.698112 0.607963 0.018870 0.102722
1 0.951648 0.550838 0.009432 0.030398
0 0.675708 0.608491 0.017688 0.103778
0 0.947227 0.613731 0.017099 0.055556
0 0.933667 0.611639 0.007667 0.034593