0 0.444216 0.605139 0.019276 0.126167
1 0.939250 0.502338 0.017521 0.032713
2 0.461742 0.602023 0.019276 0.048287
1 0.939562 0.530398 0.014740 0.020963
2 0.902747 0.698116 0.193464 0.257861
2 0.642099 0.591194 0.028302 0.029352
2 0.651828 0.592241 0.019458 0.031444
0 0.668336 0.592245 0.010026 0.046120
2 0.675117 0.590671 0.009432 0.032491
1 0.432781 0.500528 0.017688 0.045074
1 0.411557 0.499481 0.011792 0.042981
1 0.525648 0.548222 0.015922 0.018870
2 0.009435 0.589620 0.018870 0.053463
0 0.098169 0.591722 0.028891 0.097481
0 0.071047 0.594338 0.032427 0.096435
2 0.044221 0.588569 0.025943 0.040880
2 0.108786 0.585431 0.014740 0.038787
2 0.128539 0.583333 0.009432 0.036685
2 0.146815 0.585431 0.030661 0.032491
2 0.166273 0.584903 0.009432 0.025157
2 0.183078 0.584380 0.014740 0.024111
2 0.197229 0.582810 0.019458 0.025157
2 0.220815 0.582282 0.018276 0.022009
2 0.234078 0.578097 0.022406 0.028306
2 0.250888 0.578616 0.010026 0.014676
2 0.428359 0.591718 0.013562 0.028306