2 0.040391 0.547167 0.013562 0.031444
2 0.094339 0.559745 0.033021 0.035639
2 0.430128 0.682917 0.164505 0.248426
2 0.833135 0.635218 0.129719 0.075472
2 0.783904 0.600625 0.044224 0.037731
2 0.500589 0.605347 0.022406 0.040880
1 0.570461 0.500523 0.017099 0.028306
1 0.788620 0.518338 0.013562 0.022009
1 0.788914 0.538255 0.012974 0.011528
1 0.713740 0.558699 0.002948 0.016769
1 0.475234 0.522542 0.004719 0.009435
1 0.344633 0.501046 0.005307 0.008389
0 0.965211 0.629977 0.018870 0.044028
0 0.895341 0.621593 0.015922 0.050315
2 0.842867 0.680296 0.072526 0.100630
1 0.654773 0.481662 0.034786 0.017824
1 0.655068 0.463833 0.035375 0.024111
2 0.741453 0.633648 0.024177 0.045074
0 0.699883 0.601148 0.009432 0.026204
0 0.664802 0.605343 0.007667 0.026204
2 0.639445 0.648847 0.017099 0.083861
0 0.639154 0.615829 0.008255 0.049269
0 0.639154 0.615829 0.008255 0.049269
0 0.010615 0.519389 0.011792 0.026204
0 0.128539 0.548213 0.024766 0.071278
0 0.092570 0.535120 0.014151 0.024111
0 0.154484 0.559222 0.010615 0.042981
0 0.168630 0.555556 0.010615 0.041926
0 0.168630 0.555556 0.010615 0.041926
0 0.193987 0.571806 0.012974 0.063944
0 0.211378 0.579144 0.018276 0.080713
0 0.217865 0.567606 0.007667 0.061843
0 0.269456 0.572852 0.015328 0.087000
2 0.265034 0.603769 0.018276 0.062889
0 0.319578 0.575468 0.010615 0.035639
2 0.318396 0.596958 0.007073 0.032491
0 0.517984 0.599579 0.013562 0.067083
2 0.517396 0.620023 0.008844 0.040880
1 0.615268 0.572847 0.006484 0.011528
0 0.573115 0.607444 0.010615 0.074426
1 0.580187 0.519389 0.007073 0.015722
1 0.563977 0.555028 0.005307 0.015722
1 0.570755 0.462782 0.011792 0.022009
0 0.527419 0.599579 0.005307 0.035639
0 0.533315 0.601681 0.006484 0.033546
0 0.540094 0.607444 0.004719 0.024111
0 0.546284 0.602727 0.006484 0.033546
2 0.127062 0.580185 0.041865 0.055556