2 0.061026 0.590671 0.122052 0.091194
2 0.927216 0.882602 0.144526 0.232704
2 0.491745 0.690250 0.266510 0.346963
2 0.771224 0.682917 0.290094 0.256815
2 0.307487 0.566560 0.034786 0.049269
2 0.340211 0.575995 0.025943 0.028306
2 0.340211 0.575995 0.025943 0.028306
2 0.385615 0.591722 0.017688 0.045074
2 0.619695 0.593819 0.047172 0.038787
2 0.853479 0.590671 0.031250 0.028306
2 0.915391 0.595389 0.058375 0.039833
1 0.957841 0.558176 0.015922 0.024111
0 0.905956 0.602199 0.021818 0.082806
1 0.744695 0.521486 0.008255 0.032491
1 0.754424 0.496329 0.017099 0.030398
1 0.744398 0.469602 0.034786 0.018870
1 0.744104 0.450208 0.035375 0.017824
1 0.744104 0.431347 0.035375 0.017824
1 0.732310 0.547694 0.009432 0.013630
1 0.623818 0.562889 0.007073 0.012574
1 0.337263 0.508907 0.008255 0.015722
0 0.323701 0.574421 0.008255 0.033546
2 0.321932 0.580190 0.007073 0.022009
0 0.017688 0.550843 0.004719 0.013630