2 0.042495 0.485199 0.084990 0.144861
2 0.929615 0.616829 0.133177 0.115269
2 0.106896 0.528815 0.014021 0.017130
2 0.116969 0.528037 0.007885 0.015574
0 0.223424 0.547509 0.019276 0.095019
1 0.249268 0.366824 0.018401 0.029593
1 0.596232 0.441588 0.027161 0.051398
0 0.273805 0.561528 0.020151 0.082556
1 0.460430 0.512463 0.018401 0.015574
1 0.457359 0.495324 0.008760 0.015574
0 0.325935 0.577102 0.021026 0.110593
0 0.348276 0.585671 0.021906 0.090343
0 0.445531 0.593454 0.014896 0.084111
0 0.435893 0.588782 0.013141 0.090343
0 0.399531 0.590343 0.015771 0.081000
0 0.389458 0.587231 0.016646 0.096574
0 0.539719 0.602801 0.022781 0.077880
2 0.636536 0.619940 0.069219 0.077880
2 0.672461 0.613708 0.018401 0.034269
0 0.619888 0.609037 0.020151 0.140185
0 0.596669 0.611366 0.026286 0.160435
0 0.579146 0.636292 0.017521 0.107472
0 0.096995 0.522009 0.007667 0.029352
2 0.095521 0.534069 0.005896 0.022009
2 0.538328 0.618968 0.028302 0.051361