1 0.675578 0.455324 0.030927 0.054981
1 0.604544 0.530069 0.010630 0.018898
1 0.091815 0.547250 0.015464 0.025778
2 0.466693 0.604944 0.093958 0.174722
2 0.845583 0.731866 0.307792 0.265935
2 0.832932 0.594500 0.101990 0.032963
2 0.763393 0.606042 0.056870 0.053843
2 0.929341 0.620333 0.140276 0.106593
2 0.832932 0.593954 0.101990 0.031870
2 0.929341 0.620333 0.140276 0.106593
2 0.891966 0.595056 0.048214 0.023074
0 0.579807 0.582412 0.011125 0.043954
2 0.580737 0.604949 0.008036 0.034065
0 0.598354 0.588463 0.012365 0.058241
2 0.603917 0.606042 0.016073 0.042861
0 0.604534 0.571426 0.009891 0.032963
2 0.263323 0.574727 0.054396 0.057139
2 0.300104 0.579667 0.021635 0.038463
2 0.314013 0.579120 0.013599 0.032963
2 0.327299 0.577472 0.019161 0.029667