2 0.066922 0.547694 0.133844 0.118444
2 0.456664 0.637319 0.118516 0.194972
2 0.657727 0.672958 0.186911 0.197065
2 0.569284 0.615824 0.078422 0.107963
2 0.712263 0.589102 0.036557 0.029352
2 0.520339 0.588046 0.032427 0.039833
2 0.261206 0.573380 0.064859 0.039833
2 0.309260 0.562898 0.024177 0.039833
2 0.353771 0.580185 0.045990 0.047167
1 0.638286 0.518690 0.009635 0.018694
1 0.632156 0.475083 0.023656 0.012463
1 0.632594 0.489102 0.024531 0.012463
1 0.632156 0.501556 0.021906 0.012463
1 0.337323 0.516352 0.007010 0.014019
0 0.298336 0.591120 0.020151 0.070093
0 0.752190 0.590343 0.011391 0.056074
0 0.514313 0.583329 0.015771 0.051398
2 0.523508 0.606699 0.020151 0.045176
0 0.378068 0.584894 0.023656 0.076324
0 0.334698 0.573991 0.022781 0.066981
2 0.523508 0.606699 0.020151 0.045176
2 0.334695 0.592676 0.043807 0.054519
0 0.236125 0.560745 0.007885 0.018694
1 0.623529 0.556606 0.005307 0.016769
1 0.577240 0.562366 0.005896 0.011528
1 0.530661 0.550838 0.004719 0.009435
1 0.901237 0.541926 0.005307 0.012574
2 0.400354 0.588051 0.017688 0.027250