0 0.472583 0.668245 0.105542 0.361639
2 0.466687 0.787213 0.077240 0.119500
1 0.349057 0.360588 0.029479 0.056602
1 0.920398 0.246856 0.048349 0.070231
2 0.919255 0.884759 0.160448 0.228630
1 0.922466 0.322329 0.050120 0.078620
1 0.910083 0.494236 0.008844 0.019917
0 0.237617 0.591190 0.024766 0.117398
0 0.290979 0.614259 0.032427 0.142556
0 0.212854 0.599060 0.027125 0.112157
0 0.079008 0.588579 0.030661 0.110065
0 0.408904 0.605866 0.033609 0.146750
0 0.315448 0.604296 0.033021 0.147796
0 0.584609 0.633120 0.053656 0.182389
0 0.770044 0.639417 0.071932 0.192870
0 0.663031 0.645704 0.047760 0.180296
0 0.632370 0.656185 0.047760 0.161426
0 0.800706 0.632074 0.036557 0.150944
0 0.800706 0.632074 0.036557 0.150944
0 0.871464 0.624213 0.040094 0.147796
2 0.598172 0.595389 0.024177 0.052407
0 0.960497 0.605343 0.024766 0.084907
0 0.556307 0.622639 0.025354 0.132074
1 0.740562 0.546648 0.007073 0.015722
0 0.688682 0.604824 0.033021 0.092241
0 0.672464 0.590153 0.007667 0.033546
0 0.992583 0.602801 0.013792 0.037380
2 0.984260 0.672120 0.030437 0.113704
0 0.935312 0.597356 0.014896 0.076324
2 0.948888 0.662773 0.028036 0.091898
2 0.889747 0.661995 0.044682 0.087231
2 0.821406 0.605917 0.021906 0.040500
0 0.753945 0.589565 0.011391 0.042056
0 0.745620 0.594236 0.008760 0.048287
0 0.729846 0.593458 0.010516 0.046731
2 0.718456 0.605921 0.003505 0.018694
0 0.719336 0.591898 0.012266 0.040500
2 0.708820 0.593454 0.012266 0.031148
2 0.694805 0.597356 0.010516 0.032713
1 0.701375 0.554519 0.006135 0.012463
2 0.609372 0.588569 0.017099 0.022009
2 0.623529 0.588056 0.015922 0.018870
2 0.539797 0.588051 0.020635 0.027250
2 0.521818 0.588579 0.027125 0.028306
2 0.543635 0.649898 0.055427 0.081759
2 0.576651 0.680296 0.017688 0.031444
0 0.553656 0.570755 0.004719 0.019917
2 0.500591 0.574426 0.015328 0.018870
1 0.502065 0.556079 0.010026 0.019917
1 0.040682 0.517296 0.007073 0.024111
0 0.384727 0.577042 0.006484 0.032491
2 0.364094 0.579662 0.031250 0.025157
2 0.330482 0.580185 0.021818 0.024111
1 0.321641 0.504190 0.007667 0.014676
1 0.314859 0.503667 0.005896 0.013630
1 0.303362 0.519394 0.006484 0.011528
1 0.288031 0.505764 0.008844 0.019917
0 0.275943 0.572329 0.011792 0.046120
2 0.281247 0.586481 0.009432 0.026204
0 0.270047 0.574426 0.007073 0.050315
2 0.264154 0.586477 0.008255 0.022009
0 0.304542 0.578093 0.007667 0.053463
2 0.324294 0.615833 0.008255 0.024111
2 0.199292 0.577565 0.010615 0.018870
2 0.183964 0.575995 0.016510 0.019917
2 0.083432 0.611106 0.032427 0.056602
0 0.013266 0.564463 0.019458 0.084907
0 0.038031 0.576523 0.007667 0.025157