2 0.941440 0.742218 0.114776 0.213398
2 0.706633 0.698597 0.205901 0.225861
2 0.463932 0.581000 0.030667 0.028037
2 0.497664 0.584116 0.021026 0.018694
2 0.497664 0.584116 0.021026 0.018694
2 0.576078 0.601245 0.032417 0.049843
2 0.661070 0.584889 0.049943 0.026481
2 0.632154 0.608255 0.018401 0.048287
2 0.609372 0.596574 0.020151 0.028037
2 0.556367 0.586454 0.012266 0.010907
2 0.545854 0.587227 0.008760 0.009343
1 0.572141 0.559972 0.007010 0.014019
1 0.340508 0.529352 0.005307 0.010481
2 0.532133 0.587528 0.012380 0.013630