2 0.247935 0.538787 0.261203 0.241093
1 0.126177 0.407759 0.023583 0.079667
2 0.880602 0.702310 0.137380 0.226417
2 0.481724 0.682917 0.159198 0.235852
2 0.704302 0.683440 0.264740 0.176102
1 0.665388 0.473796 0.018276 0.029352
1 0.664799 0.504718 0.018276 0.030398
1 0.664505 0.527778 0.017688 0.013630
2 0.423055 0.569704 0.027714 0.045074
1 0.517984 0.538778 0.008844 0.012574
1 0.474943 0.539306 0.002948 0.007333
2 0.607313 0.592245 0.033021 0.016769
1 0.389443 0.525153 0.004125 0.006287
2 0.058372 0.669287 0.116745 0.430815
2 0.963477 0.739514 0.072005 0.202306
0 0.955781 0.646745 0.050708 0.106917
2 0.966393 0.679241 0.014151 0.020963
0 0.664503 0.590148 0.015328 0.039833