2 0.214036 0.649898 0.242927 0.270444
2 0.105245 0.567611 0.060729 0.095389
2 0.098466 0.531972 0.043630 0.057648
2 0.037146 0.701259 0.074292 0.383648
2 0.842310 0.798222 0.314339 0.399370
2 0.648292 0.664574 0.155073 0.161426
2 0.165977 0.546120 0.046578 0.039833
2 0.336380 0.584903 0.031250 0.067083
2 0.536263 0.605347 0.045401 0.061843
2 0.405073 0.574421 0.034198 0.077565
2 0.426888 0.580713 0.015328 0.041926
2 0.519458 0.594333 0.034198 0.052407
2 0.434552 0.564463 0.023583 0.053463
2 0.494398 0.580190 0.011203 0.030398
2 0.511500 0.583333 0.030073 0.053463
0 0.482607 0.585431 0.012380 0.059750
2 0.482016 0.604824 0.001771 0.031444