2 0.405661 0.703356 0.209906 0.299787
2 0.045398 0.555560 0.049526 0.044028
2 0.575643 0.614134 0.066589 0.045880
2 0.624409 0.612162 0.025943 0.027250
2 0.932490 0.668236 0.133844 0.133120
2 0.824292 0.595384 0.033021 0.027250
1 0.142396 0.461213 0.014740 0.052407
1 0.328714 0.488991 0.007667 0.013630
1 0.473466 0.513620 0.008255 0.012574
1 0.473466 0.513620 0.008255 0.012574
1 0.839919 0.509958 0.015922 0.022009
1 0.839034 0.529347 0.015328 0.014676
1 0.859672 0.508907 0.016510 0.026204
1 0.859378 0.529875 0.015922 0.011528
1 0.591391 0.435009 0.016510 0.029352
1 0.589917 0.481657 0.020635 0.036685
1 0.757961 0.552931 0.006484 0.022009
1 0.637086 0.569704 0.010026 0.013630
1 0.603185 0.505236 0.008255 0.016769
1 0.758549 0.397796 0.057193 0.036685
1 0.756490 0.428722 0.055427 0.029352
0 0.829292 0.630060 0.014896 0.076324
0 0.785484 0.616046 0.014896 0.057630
0 0.755693 0.630843 0.009635 0.081000
0 0.735979 0.630060 0.017521 0.079435
0 0.725906 0.628505 0.009635 0.076324
0 0.710135 0.602023 0.009635 0.032713
2 0.746057 0.689250 0.046437 0.138630
2 0.711448 0.635519 0.024531 0.040500
0 0.693049 0.620718 0.012266 0.063861
0 0.008760 0.541282 0.017521 0.073213
0 0.532271 0.598130 0.006135 0.031148
0 0.510807 0.597347 0.007010 0.035824
0 0.516940 0.598912 0.005255 0.032713
1 0.573016 0.550620 0.007010 0.017130
0 0.107328 0.582556 0.048188 0.155759
0 0.094625 0.535829 0.031542 0.046731
0 0.133617 0.550625 0.011391 0.051398
0 0.077102 0.566194 0.019276 0.098130
0 0.138870 0.550625 0.009635 0.051398
0 0.151578 0.561528 0.008760 0.057630
2 0.106891 0.621495 0.077104 0.121491
2 0.017523 0.575546 0.035047 0.066981
2 0.079729 0.595801 0.024531 0.045176
0 0.596232 0.614486 0.013141 0.091898
2 0.575643 0.614134 0.066589 0.045880
2 0.575643 0.614134 0.066589 0.045880
0 0.596232 0.614486 0.013141 0.091898
0 0.611734 0.625787 0.007667 0.039833
0 0.502651 0.596431 0.008844 0.037731
0 0.487323 0.589102 0.007667 0.031444
2 0.249409 0.570755 0.018870 0.019917
2 0.213740 0.566560 0.025354 0.022009
2 0.187206 0.562894 0.021818 0.025157