2 0.110852 0.585431 0.081370 0.051361
2 0.497055 0.656181 0.137974 0.199157
2 0.564562 0.594343 0.030073 0.048222
2 0.547169 0.582806 0.012974 0.020963
2 0.076060 0.576519 0.077828 0.048222
1 0.196935 0.519912 0.012974 0.025157
1 0.229951 0.572847 0.014151 0.030398
2 0.206661 0.566042 0.013562 0.025157
2 0.259141 0.582810 0.043042 0.046120
2 0.442807 0.581764 0.016510 0.023065
2 0.291570 0.580708 0.028891 0.035639
2 0.321049 0.578616 0.022995 0.037731
2 0.348469 0.574426 0.038917 0.041926
2 0.409490 0.581759 0.032427 0.029352
2 0.392102 0.579662 0.018870 0.023065
2 0.425708 0.582282 0.007073 0.022009
1 0.591096 0.524106 0.006484 0.027250
1 0.627357 0.483755 0.025943 0.011528
0 0.705315 0.598912 0.019276 0.060750
0 0.703128 0.591898 0.011391 0.068537
0 0.215099 0.581000 0.014896 0.071648
0 0.237003 0.580222 0.013141 0.070093
0 0.368221 0.582806 0.011203 0.071278
0 0.379716 0.586477 0.008255 0.061843
0 0.583135 0.599583 0.017688 0.071278
0 0.601708 0.599056 0.013562 0.063944
0 0.608195 0.582287 0.005307 0.034593
2 0.186320 0.566560 0.020047 0.028306
2 0.591688 0.575468 0.002948 0.056602
1 0.665977 0.533019 0.012380 0.026204
1 0.665977 0.533019 0.012380 0.026204