1 0.676885 0.462782 0.010615 0.032491
2 0.824622 0.684481 0.349714 0.496852
2 0.556898 0.615306 0.067807 0.071278
2 0.595518 0.584380 0.015328 0.034593
2 0.620581 0.589102 0.010026 0.018870
2 0.527714 0.603245 0.027125 0.051361
1 0.502062 0.543495 0.013562 0.032491
2 0.520044 0.599056 0.021224 0.047167
2 0.509729 0.597486 0.008844 0.037731
2 0.005307 0.599056 0.010615 0.116352
2 0.096701 0.603773 0.110849 0.083861
2 0.178656 0.596431 0.068396 0.067083
2 0.231724 0.590667 0.050708 0.057648
2 0.272698 0.589620 0.038323 0.045074
2 0.312503 0.588569 0.030661 0.032491
2 0.340508 0.583856 0.022995 0.033546
2 0.357310 0.584903 0.015328 0.027250
2 0.491159 0.587523 0.012974 0.022009
2 0.466393 0.579667 0.009432 0.012574
2 0.446346 0.580190 0.008255 0.011528
2 0.428362 0.577565 0.006484 0.010481
2 0.472875 0.582806 0.005896 0.012574
2 0.436323 0.569181 0.027125 0.016769