1 0.898951 0.354356 0.064839 0.107472
2 0.230872 0.600472 0.104266 0.095019
2 0.946674 0.861116 0.105609 0.271491
1 0.897109 0.189204 0.064271 0.107963
2 0.916013 0.634699 0.166932 0.122639
2 0.579896 0.607444 0.059552 0.068130
2 0.551888 0.579139 0.054245 0.097481
2 0.520344 0.588574 0.008844 0.036685
0 0.506193 0.584380 0.014740 0.066037
2 0.505599 0.604296 0.004125 0.036685
2 0.495875 0.570227 0.010615 0.016769
2 0.303953 0.556079 0.104365 0.143602
2 0.361143 0.583333 0.017099 0.045074
2 0.374997 0.579667 0.021224 0.039833
2 0.384435 0.574426 0.024766 0.039833
2 0.431607 0.575995 0.024766 0.038787
0 0.505604 0.584380 0.013562 0.066037
2 0.505307 0.604296 0.004719 0.036685
2 0.495875 0.570750 0.010615 0.015722
2 0.465505 0.569181 0.004125 0.006287
2 0.443688 0.564991 0.004125 0.012574
2 0.447820 0.567083 0.005307 0.010481
2 0.492927 0.564995 0.010615 0.023065
2 0.465508 0.569181 0.005307 0.006287