2 0.738609 0.572426 0.399531 0.306852
1 0.097690 0.517912 0.013141 0.035824
0 0.945826 0.602806 0.025411 0.112148
2 0.977250 0.620718 0.044458 0.073213
1 0.497667 0.529593 0.007010 0.031148
1 0.497667 0.529593 0.007010 0.031148
2 0.106453 0.641745 0.141062 0.118380
1 0.432193 0.537213 0.016510 0.007333
1 0.431310 0.526727 0.006484 0.011528
2 0.368219 0.585954 0.007667 0.008389
0 0.083138 0.579662 0.008255 0.035639
0 0.047760 0.572852 0.005896 0.015722
2 0.290388 0.584912 0.005307 0.023065
2 0.346698 0.584380 0.005896 0.007333