1 0.049529 0.419282 0.012974 0.016769
1 0.158609 0.442866 0.016510 0.032491
1 0.770932 0.479560 0.019458 0.032491
1 0.157427 0.472222 0.017688 0.034593
1 0.265331 0.453884 0.012974 0.023065
1 0.264445 0.471694 0.012380 0.012574
2 0.488208 0.677148 0.153302 0.234796
2 0.591982 0.621597 0.094339 0.094343
2 0.658607 0.611639 0.054245 0.063944
2 0.690154 0.607968 0.028891 0.044028
2 0.704893 0.603773 0.017099 0.037731
2 0.711380 0.585426 0.041865 0.066037
0 0.229951 0.545597 0.015328 0.061843
2 0.214328 0.548213 0.020635 0.031444
2 0.345227 0.564986 0.015922 0.054509
2 0.366156 0.563417 0.017688 0.057648
0 0.403596 0.563421 0.012380 0.040880
2 0.408315 0.581764 0.015922 0.025157
0 0.465214 0.555032 0.004719 0.011528
0 0.542159 0.572852 0.011203 0.042981
0 0.554539 0.570750 0.006484 0.026204
0 0.745576 0.602199 0.006484 0.030398
2 0.745581 0.610069 0.005307 0.023065
1 0.821047 0.544019 0.008844 0.012574
1 0.821047 0.557130 0.008844 0.015722
1 0.821047 0.569185 0.008844 0.008389
0 0.904188 0.583333 0.035969 0.097481
2 0.905956 0.660375 0.028891 0.083861
0 0.985000 0.638366 0.028958 0.125787
0 0.965805 0.626310 0.018870 0.072324
2 0.951654 0.657755 0.042453 0.059750
0 0.913914 0.590667 0.020047 0.068130
2 0.818693 0.637843 0.020635 0.084907
2 0.829305 0.637838 0.011203 0.019917
0 0.858784 0.615306 0.015922 0.062889
2 0.857898 0.631551 0.009432 0.040880
0 0.837560 0.615829 0.011203 0.049269