2 0.927510 0.881032 0.143937 0.231657
2 0.492630 0.690250 0.269458 0.346963
2 0.492630 0.690250 0.269458 0.346963
2 0.747935 0.679769 0.261203 0.248426
2 0.387680 0.586477 0.015922 0.032491
2 0.672466 0.585954 0.057193 0.052407
2 0.870870 0.604819 0.040094 0.044028
2 0.864094 0.584380 0.031250 0.024111
2 0.375294 0.584903 0.045401 0.044028
2 0.339917 0.575995 0.026531 0.028306
2 0.308076 0.566560 0.034786 0.049269
1 0.958135 0.558171 0.016510 0.022009
0 0.840802 0.590144 0.010615 0.044028
0 0.846995 0.595912 0.008844 0.061843
0 0.824294 0.580190 0.014151 0.032491
0 0.824294 0.580190 0.014151 0.032491
1 0.754125 0.496852 0.017688 0.029352
1 0.731721 0.551884 0.009432 0.022009
1 0.744104 0.469602 0.035375 0.018870
1 0.744104 0.450208 0.035375 0.017824
1 0.744104 0.450208 0.035375 0.017824
1 0.743807 0.431347 0.035969 0.017824
1 0.623818 0.562889 0.007073 0.012574
1 0.336969 0.508907 0.008844 0.015722
0 0.324294 0.573894 0.008255 0.032491
2 0.321641 0.581236 0.007667 0.019917
0 0.285672 0.567088 0.002948 0.016769
0 0.010021 0.570759 0.017688 0.053463
0 0.059846 0.573380 0.011203 0.048222
0 0.068987 0.573898 0.012974 0.047167
0 0.059846 0.573380 0.011203 0.048222
0 0.068987 0.573898 0.012974 0.047167
0 0.784786 0.569708 0.004719 0.009435