1 0.685602 0.399532 0.025411 0.045176
1 0.790307 0.493769 0.014021 0.040500
1 0.680781 0.486764 0.024531 0.045176
1 0.674648 0.535046 0.005255 0.029593
2 0.814836 0.703273 0.308411 0.260120
2 0.959729 0.873056 0.079500 0.238315
2 0.087617 0.630843 0.175234 0.177574
2 0.206773 0.611375 0.091120 0.116824
2 0.273802 0.595796 0.063958 0.085667
2 0.626461 0.616042 0.136682 0.073213
2 0.316922 0.571806 0.058375 0.103778
2 0.542453 0.600634 0.040094 0.054509
2 0.357901 0.587000 0.028302 0.041926
2 0.382664 0.583852 0.021224 0.031444
2 0.395341 0.582810 0.011203 0.027250
2 0.533609 0.578097 0.044813 0.078620
2 0.507370 0.588051 0.008844 0.033546
2 0.400352 0.581755 0.009432 0.027250
2 0.408313 0.579667 0.008844 0.020963
2 0.414799 0.579667 0.005307 0.020963
2 0.419810 0.578620 0.008255 0.018870
2 0.428065 0.576523 0.008255 0.014676
2 0.430719 0.567616 0.014740 0.028306
2 0.500591 0.572852 0.020047 0.045074
0 0.479362 0.576519 0.003536 0.018870
2 0.479068 0.585431 0.001771 0.011528
2 0.486146 0.573894 0.008844 0.022009
2 0.461378 0.570227 0.005307 0.006287