1 0.167159 0.619495 0.063089 0.106917
1 0.789802 0.393079 0.030073 0.056602
1 0.791276 0.433958 0.034198 0.037731
1 0.792453 0.466454 0.027125 0.039833
1 0.764154 0.433963 0.024766 0.050315
2 0.393867 0.580185 0.024766 0.045074
2 0.438089 0.611106 0.067219 0.096435
2 0.504128 0.596435 0.041276 0.060796
2 0.556602 0.591718 0.048349 0.061843
0 0.745576 0.575991 0.022995 0.057648
0 0.768573 0.577569 0.019458 0.044028
2 0.772112 0.660380 0.074880 0.132074
2 0.838740 0.612685 0.026531 0.057648
0 0.816628 0.606921 0.025943 0.104824
2 0.892393 0.683963 0.118516 0.145704
2 0.931638 0.769917 0.135682 0.214889
2 0.036849 0.565509 0.043042 0.036685
1 0.503245 0.540875 0.002948 0.016769
2 0.483490 0.590667 0.017688 0.045074
2 0.475237 0.586477 0.015328 0.038787
2 0.460786 0.569704 0.038323 0.024111
2 0.493221 0.558176 0.079599 0.036685
2 0.371461 0.573375 0.025943 0.023065
1 0.369695 0.533019 0.003536 0.007333
1 0.354953 0.551884 0.004719 0.009435
1 0.349643 0.509431 0.015328 0.006287
1 0.349943 0.502097 0.014740 0.006287
1 0.349943 0.494755 0.014740 0.006287
1 0.349943 0.487944 0.014740 0.007333
1 0.350237 0.480079 0.015328 0.006287
2 0.188383 0.566042 0.057193 0.035639
2 0.163917 0.592769 0.073115 0.068130
0 0.224940 0.566042 0.005307 0.023065
2 0.258846 0.568657 0.060141 0.036685
2 0.341982 0.571282 0.009432 0.014676
2 0.327240 0.571282 0.011792 0.014676
2 0.287148 0.571273 0.036557 0.027250
1 0.167159 0.619495 0.063089 0.106917