2 0.908052 0.661431 0.182854 0.316565
2 0.697523 0.701255 0.246464 0.257861
2 0.023880 0.554505 0.047760 0.104824
2 0.083138 0.568657 0.087266 0.068130
2 0.160083 0.563944 0.070167 0.060796
2 0.609669 0.605870 0.041276 0.052407
2 0.609669 0.605870 0.041276 0.052407
2 0.609669 0.605870 0.041276 0.052407
2 0.586086 0.610065 0.049526 0.069185
2 0.554833 0.602722 0.040094 0.052407
2 0.457253 0.620023 0.084318 0.139417
2 0.504719 0.599056 0.027125 0.057648
2 0.538029 0.582282 0.045401 0.070231
2 0.241451 0.568134 0.040682 0.035639
2 0.270638 0.568139 0.021224 0.029352
2 0.285672 0.566560 0.014740 0.028306
2 0.301003 0.566560 0.017099 0.019917
2 0.311026 0.567606 0.008844 0.019917
2 0.330190 0.568662 0.018870 0.028306
2 0.343753 0.565519 0.008255 0.013630