1 0.148948 0.225079 0.056073 0.088787
1 0.369107 0.475370 0.030661 0.015722
1 0.369401 0.461218 0.031250 0.016769
1 0.368807 0.446023 0.032427 0.017824
1 0.375003 0.498954 0.008255 0.018870
1 0.419813 0.589097 0.011792 0.023065
2 0.351711 0.654083 0.153891 0.243185
1 0.760026 0.440773 0.022406 0.038787
1 0.763268 0.392556 0.015922 0.045074
1 0.781542 0.440778 0.020635 0.036685
1 0.577828 0.558699 0.005896 0.014676
1 0.556898 0.520440 0.010026 0.017824
1 0.556310 0.542981 0.005307 0.008389
1 0.494398 0.552935 0.010026 0.015722
2 0.588440 0.649370 0.140328 0.154093
2 0.188385 0.588569 0.076062 0.061843
2 0.967310 0.632079 0.064339 0.056602
2 0.888266 0.625259 0.031250 0.045074
2 0.888266 0.625259 0.031250 0.045074
2 0.827242 0.622644 0.025943 0.035639
0 0.912737 0.627889 0.030661 0.098537
2 0.913029 0.654088 0.051297 0.075472
0 0.848174 0.628412 0.027714 0.089102
2 0.849943 0.647796 0.037146 0.069185
0 0.725823 0.605866 0.007073 0.037731
2 0.728479 0.615310 0.020635 0.033546
2 0.516510 0.599579 0.035375 0.035639
2 0.491745 0.595389 0.029479 0.031444
2 0.472289 0.589625 0.024766 0.032491
2 0.460203 0.587528 0.013562 0.026204
0 0.055424 0.572329 0.018870 0.064991
2 0.054542 0.585426 0.047760 0.045074
0 0.122344 0.577046 0.014740 0.055556
2 0.120576 0.584903 0.011203 0.037731
0 0.235258 0.561847 0.008255 0.023065
0 0.224354 0.557653 0.007667 0.016769