2 0.928102 0.883185 0.142755 0.231778
2 0.193396 0.481130 0.386792 0.626833
2 0.492630 0.692352 0.269458 0.349056
2 0.747055 0.679769 0.258255 0.246333
2 0.875589 0.680819 0.095521 0.172954
2 0.881190 0.594866 0.052474 0.040880
2 0.825766 0.585431 0.025354 0.017824
2 0.193396 0.481130 0.386792 0.626833
1 0.958135 0.559222 0.016510 0.024111
1 0.754424 0.497375 0.017099 0.030398
1 0.732016 0.553458 0.008844 0.023065
1 0.743810 0.470648 0.034786 0.018870
1 0.743807 0.451264 0.035969 0.017824
1 0.743810 0.470648 0.034786 0.018870
1 0.743807 0.451264 0.035969 0.017824
1 0.743807 0.432394 0.035969 0.017824
1 0.743807 0.432394 0.035969 0.017824
1 0.623526 0.563417 0.007667 0.013630
0 0.673937 0.575991 0.005896 0.015722
0 0.639740 0.586995 0.011792 0.037731
0 0.660081 0.581764 0.011203 0.035639
2 0.639742 0.604819 0.009432 0.027250