2 0.460789 0.633125 0.074880 0.083861
2 0.460495 0.633125 0.074292 0.083861
2 0.460495 0.633125 0.074292 0.083861
2 0.542159 0.645708 0.074880 0.094343
2 0.783018 0.633653 0.021224 0.028306
2 0.926000 0.600106 0.026531 0.019917
0 0.979995 0.647972 0.032417 0.068537
0 0.979995 0.647972 0.032417 0.068537
0 0.951518 0.652644 0.019276 0.090343
1 0.931805 0.549847 0.018401 0.034269
2 0.007010 0.553741 0.014021 0.038944
1 0.329875 0.474296 0.007885 0.017130
0 0.801255 0.659657 0.032417 0.141741
0 0.801255 0.659657 0.032417 0.141741
0 0.751753 0.655759 0.033297 0.180685
2 0.824474 0.631616 0.014021 0.023361
0 0.723279 0.646417 0.011391 0.084111
2 0.688229 0.642519 0.046437 0.057630
2 0.688229 0.642519 0.046437 0.057630
2 0.733789 0.645634 0.011391 0.048287
2 0.733354 0.626167 0.014021 0.024926
0 0.673333 0.607477 0.009635 0.037380
1 0.636536 0.545949 0.009635 0.020250
1 0.504672 0.504676 0.008760 0.015574
2 0.587469 0.631616 0.046437 0.063861
2 0.662820 0.632403 0.013141 0.018694
0 0.634786 0.623051 0.014896 0.046731
0 0.634786 0.623051 0.014896 0.046731
1 0.743867 0.460282 0.021026 0.035824
1 0.718461 0.422125 0.042057 0.059194
1 0.719333 0.341125 0.029792 0.049843
0 0.626021 0.624611 0.009635 0.043611
0 0.357917 0.580995 0.007885 0.034269
2 0.230872 0.570093 0.027161 0.031148
2 0.460495 0.633125 0.074292 0.083861
2 0.542159 0.645708 0.074880 0.094343
2 0.587469 0.631616 0.046437 0.063861
2 0.688229 0.642519 0.046437 0.057630
2 0.783018 0.633653 0.021224 0.028306
2 0.857018 0.634690 0.010026 0.022009
2 0.147404 0.564463 0.015328 0.024111
2 0.113794 0.558171 0.031839 0.032491
2 0.166276 0.568134 0.010615 0.023065
2 0.187497 0.568662 0.031839 0.028306
0 0.293039 0.570231 0.009432 0.041926
0 0.301885 0.572852 0.010615 0.047167
0 0.353771 0.573894 0.005896 0.032491
0 0.405365 0.578611 0.002948 0.020963
2 0.405070 0.587528 0.003536 0.015722
2 0.423352 0.572847 0.008255 0.019917
0 0.420695 0.579662 0.005307 0.027250
0 0.836674 0.632597 0.009432 0.040880
0 0.495578 0.593815 0.007667 0.047167
0 0.510021 0.594338 0.011792 0.035639
2 0.502062 0.606389 0.008844 0.026204
0 0.524469 0.588056 0.008844 0.018870
0 0.491448 0.591194 0.004125 0.031444
0 0.533609 0.589620 0.005896 0.015722