1 0.388266 0.479560 0.024177 0.040880
1 0.387086 0.506287 0.012380 0.010481
1 0.645049 0.519389 0.012974 0.024111
1 0.459906 0.567088 0.007073 0.014676
2 0.169516 0.623162 0.123229 0.131028
2 0.238797 0.581236 0.034198 0.028306
2 0.292159 0.579662 0.052474 0.033546
2 0.905104 0.681343 0.188750 0.251574
2 0.771224 0.638366 0.142687 0.146750
2 0.681901 0.622639 0.081958 0.090148
0 0.662148 0.580190 0.008255 0.022009
2 0.492042 0.585426 0.019458 0.026204
2 0.442810 0.581236 0.012974 0.019917
2 0.447818 0.574949 0.013562 0.028306
1 0.619990 0.570759 0.002948 0.013630
1 0.521224 0.551889 0.007073 0.013630