1 0.773880 0.453880 0.019458 0.081759
1 0.628539 0.471699 0.024766 0.037731
1 0.627654 0.506815 0.022995 0.034593
2 0.012677 0.623167 0.025354 0.137315
2 0.112031 0.613208 0.135615 0.115306
2 0.213148 0.605866 0.072526 0.075472
2 0.288917 0.599056 0.050708 0.055556
2 0.321638 0.587528 0.010026 0.015722
2 0.375591 0.593292 0.042453 0.035639
2 0.598172 0.601676 0.054833 0.079667
2 0.471112 0.589102 0.012974 0.018870
2 0.564857 0.604296 0.024766 0.053463
2 0.551594 0.601157 0.020635 0.045074
2 0.540388 0.600102 0.017099 0.036685
0 0.256193 0.584384 0.008844 0.038787
2 0.255010 0.602204 0.008844 0.013630
1 0.627359 0.530398 0.010615 0.010481
2 0.434846 0.584903 0.011203 0.016769
1 0.420404 0.539833 0.008255 0.012574
1 0.492039 0.564468 0.005307 0.009435
1 0.448995 0.574944 0.004125 0.007333
2 0.437794 0.580190 0.010026 0.019917
1 0.539799 0.553986 0.006484 0.011528