1 0.987062 0.599060 0.024833 0.070231
2 0.875328 0.818718 0.248302 0.360713
2 0.196341 0.613736 0.174526 0.170861
2 0.305130 0.607440 0.060729 0.101676
2 0.341685 0.598009 0.044224 0.076519
2 0.611437 0.637319 0.096698 0.115306
2 0.558961 0.616875 0.048349 0.078620
2 0.369693 0.588579 0.045990 0.070231
2 0.396521 0.591194 0.013562 0.048222
0 0.784719 0.616486 0.032760 0.092306
2 0.407349 0.589014 0.018542 0.043954
2 0.418474 0.587912 0.012365 0.037361
2 0.424964 0.586815 0.009271 0.032963
2 0.432380 0.586815 0.012979 0.028574
2 0.539279 0.607477 0.020151 0.062306
2 0.442904 0.580213 0.020151 0.029593
2 0.531836 0.605139 0.010516 0.054519
2 0.441148 0.585671 0.004380 0.021806
2 0.522633 0.598134 0.018401 0.034269
2 0.514747 0.595009 0.011391 0.031148
2 0.457799 0.574769 0.011391 0.024926
2 0.509930 0.591116 0.010516 0.023361
2 0.505990 0.587231 0.006135 0.024926
2 0.466560 0.581778 0.004380 0.014019
2 0.471378 0.582556 0.005255 0.012463
2 0.476198 0.582556 0.006135 0.012463
2 0.481453 0.581778 0.006135 0.010907
2 0.486276 0.581778 0.007010 0.010907
2 0.492844 0.581000 0.007885 0.012463
2 0.498979 0.580222 0.007885 0.014019
2 0.785672 0.656185 0.038323 0.081759