1 0.104266 0.444699 0.063083 0.107472
1 0.896320 0.542833 0.026286 0.042056
2 0.759635 0.693148 0.250583 0.308407
2 0.122224 0.602028 0.235687 0.182241
2 0.261974 0.577097 0.071844 0.091898
2 0.329003 0.591898 0.067464 0.056074
2 0.422750 0.606694 0.062208 0.057630
2 0.387263 0.593458 0.052568 0.049843
2 0.477953 0.600468 0.037677 0.032713
2 0.505990 0.602028 0.023656 0.029593
2 0.524388 0.602806 0.020151 0.024926
2 0.621940 0.622847 0.029964 0.042954
2 0.599227 0.607389 0.011599 0.015463
2 0.588109 0.608250 0.012563 0.017185
0 0.973763 0.661421 0.034786 0.146750
0 0.004716 0.516250 0.008255 0.036685
0 0.042159 0.537208 0.015922 0.022009