2 0.695758 0.612157 0.058964 0.031444
2 0.454302 0.693398 0.168042 0.248426
2 0.729365 0.608486 0.034198 0.032491
1 0.545695 0.529347 0.011203 0.016769
1 0.660081 0.571278 0.006484 0.012574
1 0.375589 0.522019 0.004719 0.008389
0 0.945484 0.641431 0.015969 0.027343
0 0.823344 0.620398 0.013010 0.037852
0 0.545349 0.605157 0.005917 0.049426
1 0.482060 0.538907 0.004734 0.009463
0 0.220625 0.571500 0.008281 0.047315
0 0.284208 0.575713 0.007687 0.038907
0 0.312893 0.584125 0.007099 0.051528
0 0.325909 0.574657 0.007099 0.024185
2 0.160081 0.585954 0.034786 0.050315
2 0.325768 0.590667 0.005307 0.015722
0 0.341979 0.580718 0.007073 0.033546
2 0.341096 0.592245 0.006484 0.023065
0 0.394164 0.586477 0.006484 0.028306
2 0.394164 0.594343 0.005307 0.020963