0 0.467875 0.678352 0.094625 0.347352
2 0.718023 0.703273 0.228682 0.228972
1 0.334255 0.349690 0.032417 0.060750
0 0.815276 0.621495 0.037677 0.121491
0 0.340831 0.609815 0.019276 0.166667
0 0.785049 0.606694 0.026286 0.085667
1 0.974622 0.211843 0.049714 0.081000
1 0.975060 0.296731 0.048839 0.085667
2 0.512383 0.596958 0.018870 0.028306
2 0.528893 0.597481 0.036557 0.031444
2 0.552477 0.595907 0.020047 0.026204
2 0.570461 0.596435 0.015922 0.020963
2 0.585792 0.598532 0.031250 0.025157
2 0.604659 0.596435 0.015922 0.020963
2 0.623526 0.594861 0.025354 0.026204
2 0.639154 0.593287 0.008255 0.010481
2 0.495578 0.585958 0.020635 0.025157
1 0.500294 0.564991 0.011203 0.018870
2 0.465510 0.791403 0.070167 0.157231
0 0.467875 0.678352 0.094625 0.347352
0 0.150354 0.583333 0.016510 0.063944
0 0.108490 0.578093 0.029479 0.066037
2 0.107016 0.609019 0.035969 0.050315
0 0.067510 0.577569 0.020635 0.073380
0 0.077536 0.579139 0.014740 0.053463
2 0.079599 0.597486 0.022406 0.033546
2 0.173938 0.584384 0.016510 0.019917
2 0.191922 0.585954 0.008844 0.012574
0 0.217865 0.582806 0.008844 0.041926
0 0.228773 0.580713 0.008255 0.048222
0 0.240568 0.582806 0.010615 0.050315
0 0.251180 0.583861 0.009432 0.048222
0 0.260909 0.585954 0.006484 0.041926
0 0.268573 0.568139 0.008844 0.029352
0 0.275648 0.584380 0.011203 0.045074
2 0.272701 0.599056 0.018276 0.034593
0 0.305130 0.583861 0.014740 0.048222
2 0.305424 0.595912 0.008255 0.028306
1 0.280365 0.514153 0.008844 0.017824
0 0.315742 0.572324 0.006484 0.012574
2 0.295398 0.592241 0.009432 0.018870
2 0.315742 0.589620 0.021818 0.024111
1 0.295695 0.527250 0.005307 0.010481
1 0.308964 0.510486 0.007073 0.014676
1 0.317216 0.511009 0.008255 0.013630
2 0.357901 0.588051 0.016510 0.025157
0 0.407724 0.575995 0.007667 0.022009
0 0.393276 0.589625 0.005896 0.038787
1 0.927862 0.496884 0.012266 0.021806
0 0.886680 0.625389 0.043807 0.123056
0 0.953711 0.607477 0.035922 0.118380
2 0.956779 0.668227 0.026286 0.087231
1 0.706073 0.560796 0.004125 0.010481
2 0.751768 0.596958 0.012974 0.011528
1 0.743810 0.555032 0.010026 0.017824
0 0.765628 0.594338 0.011203 0.033546
0 0.872938 0.583861 0.013562 0.039833
0 0.903599 0.588046 0.031250 0.052407
0 0.896521 0.618977 0.013562 0.030398
2 0.888857 0.680819 0.074880 0.112157
2 0.923349 0.676102 0.035375 0.092241