2 0.926922 0.884176 0.145115 0.225370
2 0.487026 0.681347 0.170990 0.276731
2 0.685438 0.665616 0.184552 0.194972
2 0.940448 0.709644 0.117927 0.146750
2 0.776828 0.660907 0.065448 0.124741
2 0.809552 0.604824 0.056604 0.039833
2 0.880604 0.603245 0.058375 0.040880
2 0.880604 0.603245 0.058375 0.040880
2 0.936026 0.604819 0.041865 0.033546
2 0.405367 0.568662 0.056016 0.078620
2 0.358198 0.582806 0.019458 0.020963
2 0.253833 0.587523 0.030073 0.032491
2 0.253833 0.587523 0.030073 0.032491
2 0.304542 0.575472 0.035969 0.050315
2 0.336083 0.585431 0.028302 0.030398
2 0.020341 0.580185 0.027714 0.026204
1 0.964331 0.566042 0.015922 0.023065
0 0.886500 0.608486 0.024177 0.082806
0 0.810732 0.609009 0.015328 0.062889
0 0.818398 0.609019 0.008255 0.058704
0 0.846995 0.608491 0.007667 0.057648
0 0.838737 0.609014 0.011203 0.056602
1 0.760315 0.503148 0.018276 0.029352
1 0.750297 0.476412 0.035969 0.019917
1 0.749708 0.456505 0.035969 0.017824
1 0.749409 0.437634 0.036557 0.017824
1 0.737326 0.561324 0.010026 0.024111
1 0.625294 0.571278 0.006484 0.012574
1 0.567513 0.557648 0.005307 0.010481
1 0.336086 0.517819 0.008255 0.014676
0 0.591096 0.597486 0.012380 0.035639
2 0.591688 0.605866 0.014740 0.027250
0 0.305719 0.581236 0.008844 0.030398
2 0.305424 0.590667 0.009432 0.026204
0 0.283021 0.581755 0.005896 0.027250
2 0.281547 0.590671 0.007667 0.022009
2 0.886203 0.630500 0.029479 0.055556