1 0.592865 0.484806 0.013562 0.024111
1 0.591982 0.518866 0.008255 0.037731
1 0.584021 0.513102 0.008844 0.024111
1 0.546875 0.543500 0.007667 0.013630
2 0.327828 0.575468 0.029479 0.035639
2 0.731721 0.602199 0.053068 0.038787
2 0.680719 0.581759 0.041865 0.052407
2 0.709609 0.591722 0.007667 0.015722
2 0.652417 0.571273 0.004125 0.037731
2 0.646224 0.568657 0.005896 0.026204
2 0.350464 0.574940 0.018875 0.026843
2 0.362729 0.576625 0.008177 0.023491
0 0.759122 0.602352 0.013214 0.072704
2 0.381568 0.575542 0.009635 0.020250
0 0.053448 0.564639 0.031542 0.110593
2 0.049068 0.583333 0.061333 0.085667
0 0.779792 0.609810 0.007010 0.063861
0 0.533151 0.579435 0.006135 0.028037
2 0.532711 0.588000 0.003505 0.017130
0 0.637414 0.592685 0.018401 0.066981
2 0.637411 0.612153 0.030667 0.046731
1 0.577831 0.542056 0.004380 0.015574
0 0.187937 0.551403 0.006135 0.037380
2 0.192318 0.569319 0.030667 0.032713
2 0.297898 0.578662 0.026286 0.032713
2 0.462620 0.576324 0.022781 0.043611
2 0.388583 0.576329 0.006135 0.018694
2 0.367117 0.573213 0.019276 0.024926
2 0.391206 0.572431 0.013141 0.023361
2 0.399971 0.574769 0.004380 0.015574
2 0.403914 0.576324 0.005255 0.015574
2 0.409172 0.575546 0.007010 0.014019
2 0.423630 0.573991 0.006135 0.010907
2 0.435896 0.575542 0.006135 0.007787
2 0.447284 0.576329 0.004380 0.006231