2 0.021466 0.524917 0.018401 0.031148
2 0.056076 0.520245 0.052568 0.049843
2 0.986013 0.778037 0.026932 0.110593
2 0.918664 0.621495 0.065714 0.049843
0 0.807828 0.604366 0.017521 0.102806
1 0.779789 0.485199 0.019276 0.035824
0 0.780227 0.605917 0.018401 0.112148
0 0.767086 0.622273 0.013141 0.073213
0 0.760951 0.581778 0.013141 0.029593
2 0.129232 0.529597 0.044682 0.046731
1 0.281685 0.390190 0.013141 0.023361
0 0.284315 0.532708 0.018401 0.062306
2 0.285193 0.551403 0.021906 0.037380
2 0.372370 0.514014 0.103385 0.121491
2 0.458672 0.549065 0.007885 0.014019
1 0.537091 0.434579 0.012266 0.021806
0 0.518253 0.559968 0.013141 0.063861
0 0.550234 0.569319 0.014021 0.060750
0 0.584406 0.577106 0.015771 0.073213
0 0.669831 0.588787 0.013141 0.068537
0 0.606745 0.587227 0.016646 0.065417
0 0.633031 0.588009 0.009635 0.066981
0 0.644422 0.589569 0.009635 0.060750
2 0.753831 0.614250 0.018276 0.041926