1 0.602607 0.448454 0.010630 0.030926
1 0.590531 0.443296 0.009667 0.030926
1 0.590044 0.469926 0.010630 0.022333
1 0.590047 0.491412 0.008698 0.020620
2 0.310727 0.574745 0.024161 0.029213
2 0.482763 0.608245 0.109214 0.195880
2 0.425742 0.578181 0.020297 0.029213
2 0.576516 0.609968 0.080219 0.092787
2 0.657698 0.581616 0.035760 0.042954
2 0.552352 0.565287 0.037693 0.037796
2 0.664948 0.594500 0.017396 0.041241
2 0.091099 0.571282 0.030073 0.033546
0 0.142687 0.572852 0.011792 0.026204
0 0.244102 0.560273 0.008255 0.022009
2 0.482763 0.608245 0.109214 0.195880
0 0.836969 0.591722 0.037146 0.137315
0 0.596404 0.563940 0.010026 0.027250