2 0.025943 0.556083 0.033021 0.045074
2 0.408609 0.703356 0.216979 0.297694
2 0.976451 0.650940 0.046057 0.085954
2 0.851708 0.605875 0.035969 0.044028
2 0.640331 0.619500 0.021224 0.039833
2 0.668924 0.615306 0.017099 0.029352
1 0.881190 0.367926 0.078422 0.039833
1 0.882372 0.328093 0.079599 0.048222
1 0.904482 0.502097 0.018870 0.027250
1 0.903893 0.525685 0.018870 0.013630
1 0.884732 0.501574 0.010026 0.026204
1 0.884138 0.525157 0.012380 0.012574
1 0.790096 0.551366 0.012974 0.025157
1 0.657721 0.570755 0.012380 0.017824
1 0.626771 0.495810 0.011792 0.023065
1 0.612320 0.470644 0.028891 0.037731
1 0.613503 0.418241 0.017099 0.029352
0 0.007010 0.527259 0.008760 0.026481
2 0.015333 0.590338 0.030667 0.065417
2 0.053448 0.599690 0.078854 0.059194
0 0.073599 0.580991 0.024531 0.127722
0 0.087617 0.577097 0.019276 0.119935
0 0.135805 0.561528 0.010516 0.054519
0 0.152891 0.562306 0.014896 0.056074
1 0.328125 0.486759 0.007885 0.014019
1 0.479703 0.511685 0.006135 0.010907
0 0.824036 0.639407 0.023656 0.095019
2 0.852510 0.655764 0.031542 0.062306
0 0.801693 0.639407 0.015771 0.095019
0 0.788990 0.640968 0.009635 0.079435
0 0.780227 0.640190 0.018401 0.090343
0 0.765333 0.637069 0.014896 0.087231
0 0.730721 0.626949 0.012266 0.076324
0 0.741237 0.623833 0.012266 0.082556
0 0.655372 0.620713 0.010516 0.070093
0 0.620326 0.619940 0.012266 0.105917
1 0.586594 0.549847 0.007885 0.018694
0 0.542349 0.605139 0.007010 0.038944
0 0.530956 0.596574 0.003505 0.031148
0 0.526576 0.605134 0.003505 0.023361
0 0.521320 0.598912 0.005255 0.032713
0 0.628831 0.635741 0.005307 0.034593
0 0.554245 0.603245 0.004719 0.032491
0 0.495870 0.588051 0.007073 0.027250
0 0.510612 0.597486 0.009432 0.035639
0 0.349646 0.572856 0.004719 0.017824
2 0.242628 0.572329 0.017099 0.016769
2 0.206958 0.568653 0.027125 0.022009
2 0.176888 0.562894 0.020047 0.023065
2 0.875297 0.743713 0.076062 0.187630
0 0.048055 0.564991 0.039505 0.121593