1 0.625888 0.507338 0.015922 0.046120
1 0.404779 0.539310 0.011203 0.022009
1 0.353182 0.488991 0.022406 0.034593
2 0.252948 0.578093 0.029479 0.045074
2 0.022112 0.581231 0.044224 0.057648
2 0.068396 0.580185 0.051885 0.047167
2 0.109378 0.580185 0.033609 0.036685
2 0.137380 0.577046 0.029479 0.034593
2 0.152122 0.572324 0.030661 0.041926
2 0.173055 0.577569 0.011203 0.025157
2 0.184555 0.576523 0.018870 0.025157
2 0.752065 0.646750 0.119693 0.079667
2 0.698997 0.637319 0.090214 0.077565
2 0.813383 0.635745 0.052474 0.070231
2 0.849057 0.636787 0.033021 0.057648
2 0.873823 0.626310 0.028302 0.030398
2 0.302180 0.600630 0.039505 0.050315
2 0.302771 0.568662 0.031250 0.019917
2 0.306602 0.559227 0.025943 0.032491
2 0.200469 0.577042 0.011792 0.022009
2 0.212263 0.575995 0.014151 0.017824
2 0.221109 0.575468 0.005896 0.016769
2 0.226117 0.575468 0.006484 0.014676
0 0.613802 0.630769 0.034615 0.138463
2 0.615659 0.679116 0.049453 0.098898