2 0.431604 0.641509 0.242927 0.174000
2 0.755599 0.653037 0.190448 0.174000
2 0.857604 0.637838 0.037146 0.091194
2 0.944284 0.636273 0.027714 0.054509
2 0.363797 0.588574 0.027125 0.036685
2 0.190445 0.582810 0.083724 0.067083
2 0.119401 0.571278 0.070167 0.062889
2 0.073115 0.561319 0.062500 0.059750
2 0.033901 0.555556 0.048937 0.050315
1 0.980542 0.427676 0.034198 0.048222
0 0.962263 0.645699 0.031839 0.146750
0 0.962263 0.645699 0.031839 0.146750
0 0.890331 0.615824 0.009432 0.026204
2 0.891508 0.629449 0.009432 0.022009