2 0.488797 0.626310 0.080188 0.133120
2 0.630013 0.635218 0.109078 0.134176
2 0.857016 0.645704 0.098469 0.102722
2 0.954044 0.618977 0.090870 0.059750
2 0.954044 0.618977 0.090870 0.059750
2 0.070755 0.588574 0.079010 0.057648
2 0.161263 0.570231 0.090214 0.092241
2 0.161263 0.570231 0.090214 0.092241
2 0.181307 0.589102 0.077240 0.060796
2 0.409789 0.566565 0.043630 0.066037
2 0.250883 0.587005 0.033609 0.035639
2 0.280956 0.585431 0.045401 0.040880
2 0.310732 0.581759 0.021224 0.029352
2 0.336086 0.582282 0.025943 0.028306
2 0.359372 0.578616 0.018276 0.025157
1 0.283021 0.491611 0.011792 0.020963
1 0.668930 0.569181 0.010026 0.016769
1 0.589031 0.551889 0.007073 0.013630
1 0.442807 0.538787 0.004719 0.010481
1 0.432487 0.544028 0.010026 0.018870
0 0.721109 0.607963 0.010615 0.060796
0 0.708727 0.608495 0.012974 0.059750
0 0.702242 0.607444 0.012974 0.063944