1 0.973865 0.548282 0.021906 0.037380
2 0.951958 0.624611 0.046437 0.071648
1 0.786797 0.437694 0.024531 0.043611
1 0.756135 0.398750 0.047313 0.071648
1 0.756573 0.303736 0.032417 0.059194
1 0.764458 0.571653 0.016646 0.021806
1 0.321555 0.468069 0.010516 0.020250
1 0.644424 0.544394 0.011391 0.023361
1 0.503797 0.500005 0.008760 0.018694
0 0.018401 0.547509 0.015771 0.066981
0 0.018401 0.547509 0.015771 0.066981
2 0.416177 0.566977 0.017521 0.037380
0 0.806510 0.672894 0.039427 0.214954
2 0.831044 0.633171 0.020151 0.023361
0 0.778474 0.661213 0.039427 0.169778
0 0.773656 0.654981 0.017521 0.085667
2 0.764021 0.630843 0.015771 0.028037
0 0.739490 0.648750 0.014021 0.098130
2 0.718021 0.631616 0.023656 0.035824
2 0.693052 0.627727 0.045562 0.037380
0 0.668078 0.617597 0.009635 0.063861
0 0.647049 0.616819 0.013141 0.065417
0 0.634344 0.628505 0.008760 0.045176
2 0.137997 0.560750 0.034172 0.031148
2 0.171732 0.566194 0.033297 0.029593
2 0.211154 0.570870 0.012266 0.026481
0 0.341266 0.573204 0.007885 0.043611
0 0.352656 0.579440 0.006135 0.037380
0 0.348276 0.573204 0.006135 0.043611
0 0.368870 0.571648 0.007010 0.028037
2 0.404354 0.574769 0.007885 0.012463
2 0.445969 0.580222 0.008760 0.010907
0 0.582214 0.607477 0.006135 0.037380
0 0.572138 0.604361 0.005255 0.031148
0 0.492404 0.593458 0.005255 0.049843
0 0.545417 0.603583 0.007885 0.042056
0 0.535779 0.599685 0.004380 0.040500
0 0.561263 0.604398 0.004943 0.032963
0 0.525724 0.598356 0.010510 0.042861
0 0.510578 0.592852 0.012365 0.036259
2 0.508721 0.607694 0.024724 0.026370
2 0.526828 0.609009 0.013562 0.031444
2 0.219549 0.571269 0.029057 0.027278
2 0.871461 0.633653 0.021224 0.028306