1 0.912531 0.254671 0.070969 0.119935
1 0.906833 0.356694 0.056073 0.084111
1 0.853823 0.366819 0.048188 0.079435
1 0.904646 0.424458 0.055198 0.063861
1 0.902453 0.479750 0.054323 0.043611
1 0.655372 0.496884 0.010516 0.018694
1 0.669831 0.478190 0.013141 0.034269
1 0.655810 0.471958 0.011391 0.034269
1 0.273365 0.516352 0.007010 0.026481
2 0.327250 0.560750 0.077979 0.056074
0 0.155661 0.552412 0.007073 0.023065
0 0.024471 0.561319 0.015922 0.072324
0 0.043930 0.557648 0.010026 0.052407
0 0.094044 0.562366 0.012380 0.061843
1 0.421286 0.565514 0.004125 0.009435
1 0.266510 0.523583 0.004719 0.013630
1 0.398292 0.573898 0.019458 0.024111
2 0.398292 0.573898 0.019458 0.024111
0 0.639742 0.578088 0.014151 0.051361
2 0.640034 0.604301 0.012380 0.038787
2 0.442807 0.580708 0.023583 0.027250
2 0.515328 0.572852 0.007073 0.013630
1 0.507076 0.534593 0.003536 0.008389
2 0.524174 0.572852 0.009432 0.015722