2 0.459612 0.704398 0.203422 0.293500
2 0.185141 0.649366 0.215802 0.204398
2 0.661263 0.595917 0.046578 0.024111
1 0.850826 0.381551 0.037734 0.054509
1 0.849349 0.437630 0.038323 0.055556
1 0.848760 0.482181 0.035969 0.025157
1 0.867628 0.512051 0.040682 0.032491
1 0.850826 0.381551 0.037734 0.054509
1 0.849349 0.437630 0.038323 0.055556
1 0.848760 0.482181 0.035969 0.025157
1 0.867628 0.512051 0.040682 0.032491
1 0.536263 0.523583 0.010026 0.015722
1 0.479068 0.529870 0.004125 0.007333
1 0.378536 0.513630 0.005896 0.008389
1 0.534786 0.546644 0.004719 0.022009
1 0.543336 0.556602 0.005307 0.010481
0 0.725534 0.633120 0.021818 0.052407
0 0.705482 0.602727 0.028891 0.077565
0 0.328128 0.571278 0.005307 0.041926
0 0.247643 0.549264 0.008255 0.016769
0 0.296878 0.567083 0.005307 0.031444
2 0.875034 0.762060 0.248891 0.306083
0 0.948451 0.628500 0.011391 0.042056
0 0.380013 0.571282 0.005307 0.025157
2 0.379128 0.583338 0.003536 0.009435
0 0.363797 0.569704 0.005896 0.024111
2 0.362617 0.578616 0.008255 0.016769