2 0.939893 0.765722 0.119172 0.177148
2 0.444870 0.625792 0.094927 0.155139
2 0.011792 0.576514 0.023583 0.088046
1 0.631487 0.540880 0.009432 0.018870
1 0.630305 0.555556 0.008255 0.008389
0 0.887089 0.631023 0.038323 0.125787
0 0.843161 0.620019 0.038917 0.137315
0 0.768281 0.615829 0.016510 0.089102
2 0.513268 0.602727 0.051297 0.075472
2 0.536557 0.595912 0.028302 0.049269
2 0.221992 0.566037 0.039505 0.039833
2 0.274760 0.572329 0.035375 0.033546
2 0.260909 0.566565 0.015922 0.026204
2 0.296284 0.566037 0.018276 0.029352
2 0.340508 0.569181 0.010026 0.014676
2 0.320161 0.567611 0.007073 0.015722
2 0.307490 0.568662 0.004125 0.019917
2 0.313974 0.567083 0.008844 0.020963
2 0.600174 0.617606 0.073599 0.073213