2 0.125003 0.605866 0.178068 0.117398
2 0.249409 0.598528 0.070755 0.060796
2 0.767687 0.615301 0.086083 0.094343
2 0.656547 0.604301 0.053656 0.080713
2 0.549826 0.565509 0.045401 0.068130
2 0.390328 0.587523 0.023583 0.040880
2 0.409786 0.588046 0.044813 0.041926
2 0.470815 0.581231 0.033609 0.036685
2 0.447523 0.581764 0.024766 0.033546
2 0.470815 0.581231 0.033609 0.036685
2 0.494990 0.581236 0.019458 0.022009
2 0.506190 0.580190 0.010026 0.017824
2 0.520341 0.579662 0.012380 0.016769
1 0.369990 0.466458 0.014740 0.027250
0 0.377065 0.584380 0.011203 0.076519
0 0.071047 0.566037 0.020635 0.041926
2 0.056013 0.584903 0.020047 0.027250
1 0.573701 0.528824 0.015328 0.026204
1 0.788622 0.536162 0.011203 0.019917
1 0.937794 0.555028 0.017099 0.026204
1 0.853185 0.544028 0.009432 0.020963
0 0.986177 0.617403 0.026604 0.094343
0 0.976711 0.617398 0.027714 0.102722
0 0.893870 0.601153 0.017688 0.070231
0 0.863797 0.614255 0.029479 0.088046
2 0.864977 0.631546 0.048349 0.057648
0 0.579893 0.581236 0.006484 0.038787