2 0.812969 0.588005 0.373021 0.493769
2 0.298333 0.590343 0.016646 0.024926
1 0.459315 0.530917 0.020047 0.007333
1 0.547172 0.514148 0.010615 0.045074
0 0.083724 0.589625 0.011792 0.049269
2 0.291273 0.596958 0.020047 0.019917
2 0.316630 0.589097 0.010615 0.016769
2 0.372346 0.588574 0.005307 0.007333
1 0.458432 0.518866 0.007667 0.014676
2 0.308852 0.594231 0.004380 0.017130
2 0.312792 0.593454 0.007010 0.015574
0 0.543221 0.595796 0.005255 0.026481
2 0.325060 0.592676 0.005255 0.014019
1 0.484958 0.559972 0.006135 0.014019
0 0.477513 0.590343 0.003505 0.024926
2 0.329880 0.589565 0.006135 0.010907
2 0.394714 0.590338 0.006135 0.009343
2 0.380258 0.588005 0.005255 0.007787
2 0.367552 0.588005 0.006135 0.004676
2 0.413990 0.595792 0.006135 0.020250