1 0.646229 0.357968 0.044813 0.072324
1 0.682784 0.381028 0.031839 0.055556
1 0.836674 0.516245 0.012974 0.040880
1 0.175411 0.535634 0.008844 0.016769
1 0.311615 0.535634 0.008844 0.016769
2 0.893573 0.638889 0.089031 0.118444
2 0.520344 0.675579 0.155073 0.223269
2 0.476711 0.582806 0.052474 0.052407
2 0.221109 0.570755 0.050708 0.032491
2 0.280367 0.564991 0.022995 0.018870
1 0.344047 0.569708 0.007667 0.017824
2 0.592865 0.562889 0.013562 0.020963
2 0.593456 0.580718 0.010026 0.014676
2 0.433370 0.570755 0.017688 0.030398
2 0.398289 0.574944 0.028891 0.024111
2 0.374411 0.575468 0.017688 0.025157
2 0.353185 0.573903 0.041276 0.030398
0 0.321555 0.573986 0.010516 0.045176
0 0.330755 0.577102 0.007885 0.042056
0 0.416177 0.575542 0.008760 0.048287
0 0.416177 0.575542 0.008760 0.048287
0 0.422310 0.576324 0.005255 0.040500
0 0.445969 0.580995 0.014021 0.034269
0 0.455172 0.571653 0.006135 0.018694
0 0.455172 0.571653 0.006135 0.018694
1 0.682487 0.473269 0.027714 0.013630
1 0.679247 0.495278 0.020047 0.007333
1 0.679247 0.506810 0.020047 0.009435
1 0.678953 0.519394 0.019458 0.011528
0 0.693396 0.569704 0.005896 0.013630
0 0.155070 0.568662 0.015328 0.038787
2 0.156547 0.580713 0.024177 0.029352