2 0.752190 0.686917 0.169099 0.196259
2 0.573016 0.649537 0.092875 0.137074
2 0.006133 0.587227 0.012266 0.074769
2 0.208966 0.586449 0.099005 0.063861
2 0.333820 0.584111 0.066589 0.056074
2 0.127484 0.577880 0.109521 0.068537
2 0.127484 0.577880 0.109521 0.068537
2 0.127484 0.577880 0.109521 0.068537
2 0.090682 0.556856 0.037677 0.035824
2 0.374125 0.585667 0.017521 0.031148
2 0.437646 0.588782 0.039427 0.034269
2 0.474885 0.588009 0.029792 0.029593
2 0.672456 0.644861 0.060453 0.109037
2 0.672456 0.644861 0.060453 0.109037
2 0.642669 0.629282 0.035922 0.077880
2 0.630841 0.616824 0.019276 0.052963
2 0.610687 0.598134 0.017521 0.021806
2 0.518690 0.588782 0.021026 0.021806
2 0.508177 0.584889 0.008760 0.014019
2 0.508177 0.584889 0.008760 0.014019