2 0.493219 0.691296 0.270635 0.349056
2 0.927510 0.883185 0.143937 0.231778
2 0.770930 0.684486 0.289505 0.257861
2 0.160969 0.581231 0.135615 0.087000
2 0.612026 0.559745 0.358490 0.127880
2 0.375294 0.589625 0.044224 0.051361
2 0.869693 0.596440 0.040094 0.033546
2 0.307487 0.566565 0.033609 0.047167
2 0.340505 0.575995 0.026531 0.028306
1 0.958969 0.557634 0.014896 0.021806
0 0.945820 0.629278 0.044682 0.155759
2 0.948888 0.675236 0.066589 0.119935
0 0.908151 0.612153 0.037677 0.102806
2 0.908148 0.644861 0.042932 0.071648
0 0.651430 0.595801 0.020151 0.073213
0 0.878357 0.586449 0.020151 0.051398
2 0.880549 0.609032 0.021026 0.046731
0 0.028911 0.571653 0.015771 0.049843
1 0.754380 0.496880 0.017521 0.031148
1 0.744742 0.470403 0.035047 0.018694
1 0.743867 0.432241 0.035047 0.017130
1 0.743867 0.450935 0.035047 0.017130
1 0.336885 0.508565 0.007885 0.014019
2 0.321995 0.580218 0.006135 0.023361
2 0.321995 0.580218 0.006135 0.023361
0 0.323307 0.573986 0.008760 0.032713
0 0.297898 0.570875 0.010516 0.035824
2 0.297461 0.581778 0.025411 0.029593
0 0.067904 0.573986 0.011391 0.048287
0 0.058706 0.573986 0.010516 0.048287
0 0.253242 0.577569 0.006484 0.035639
0 0.367042 0.566037 0.008844 0.020963