1 0.691737 0.470398 0.011391 0.031148
1 0.692174 0.492213 0.010516 0.015574
1 0.691299 0.511681 0.010516 0.023361
2 0.360104 0.593454 0.022781 0.043611
1 0.910674 0.480606 0.050120 0.030398
0 0.777711 0.603778 0.021224 0.090148
2 0.786263 0.645699 0.074880 0.096435
1 0.527711 0.513625 0.008255 0.014676
1 0.527417 0.529347 0.007667 0.014676
1 0.527122 0.542449 0.003536 0.009435
2 0.096401 0.631028 0.184552 0.150944
2 0.228482 0.612685 0.090214 0.105870
2 0.288622 0.604819 0.050120 0.077565
2 0.319281 0.594861 0.043042 0.074426
2 0.345227 0.596435 0.017099 0.052407
2 0.572229 0.617398 0.059552 0.069185
2 0.539802 0.605870 0.031250 0.050315
2 0.376474 0.591194 0.019458 0.039833
0 0.506484 0.595389 0.007073 0.041926
2 0.513857 0.590144 0.012380 0.025157
2 0.381487 0.584380 0.025943 0.045074
2 0.489977 0.585958 0.008255 0.014676
2 0.398586 0.588579 0.008255 0.030398
2 0.401237 0.578093 0.021818 0.047167
2 0.496758 0.589625 0.010026 0.022009
2 0.455190 0.582806 0.008255 0.012574
2 0.414505 0.585431 0.004719 0.019917
2 0.426591 0.582806 0.010026 0.012574
2 0.455190 0.583329 0.008255 0.011528
2 0.483193 0.584384 0.004125 0.009435
2 0.466391 0.580713 0.005896 0.008389
2 0.431013 0.571278 0.014151 0.018870
2 0.524469 0.600106 0.014740 0.040880
2 0.418930 0.586477 0.005307 0.017824
2 0.466096 0.581231 0.005307 0.007333
2 0.441331 0.581759 0.006484 0.010481