2 0.102510 0.712611 0.205021 0.350463
0 0.144130 0.542833 0.007885 0.029593
0 0.187500 0.559972 0.008760 0.054519
0 0.197141 0.560750 0.014021 0.056074
0 0.316737 0.574769 0.011391 0.040500
2 0.317609 0.587231 0.014896 0.028037
2 0.399971 0.563866 0.035922 0.074769
1 0.806073 0.367602 0.054323 0.081000
0 0.987328 0.702491 0.024302 0.137074
0 0.995214 0.633958 0.008531 0.049843
0 0.983060 0.647977 0.028036 0.093454
2 0.975938 0.628505 0.047083 0.073213
1 0.805195 0.260903 0.036797 0.063861
1 0.843310 0.416662 0.028911 0.051398
1 0.788552 0.574769 0.015771 0.028037
1 0.655372 0.545171 0.010516 0.021806
1 0.505547 0.500000 0.008760 0.015574
0 0.895443 0.666662 0.024531 0.121491
2 0.883180 0.638625 0.010516 0.021806
1 0.314979 0.468065 0.009635 0.017130
0 0.855578 0.669005 0.014896 0.088787
0 0.868284 0.668218 0.012266 0.093454
0 0.821409 0.656537 0.027161 0.098130
2 0.827542 0.676796 0.039427 0.082556
0 0.781104 0.659662 0.014896 0.088787
0 0.763141 0.658102 0.015771 0.095019
0 0.737732 0.658097 0.026286 0.107472
2 0.741237 0.672120 0.035047 0.082556
0 0.719771 0.625389 0.007885 0.038944
0 0.690859 0.652644 0.021906 0.118380
0 0.488026 0.594241 0.008760 0.042056
0 0.514747 0.600468 0.011391 0.045176
0 0.555930 0.612931 0.013141 0.048287
0 0.573016 0.612931 0.007010 0.051398
2 0.690419 0.672903 0.033297 0.087231
0 0.668518 0.657324 0.028036 0.109037
2 0.670268 0.683806 0.010516 0.068537
0 0.678589 0.620722 0.009635 0.066981
0 0.655813 0.621491 0.009635 0.071648
0 0.647052 0.633958 0.006135 0.046731
0 0.582214 0.616042 0.006135 0.045176
0 0.604557 0.617602 0.007010 0.042056
0 0.363503 0.570231 0.006484 0.020963
0 0.094635 0.535120 0.008844 0.013630
0 0.056016 0.528301 0.011792 0.014676
2 0.718159 0.637315 0.015328 0.029352