1 0.974940 0.149894 0.044224 0.075472
2 0.711674 0.669810 0.207547 0.188676
2 0.025060 0.639935 0.050120 0.206500
1 0.974352 0.149370 0.045401 0.074426
1 0.974646 0.224843 0.045990 0.076519
1 0.976417 0.284588 0.033021 0.040880
1 0.972583 0.389935 0.035969 0.058704
1 0.972286 0.431861 0.035375 0.031444
1 0.972880 0.470130 0.038917 0.042981
2 0.875328 0.778361 0.248302 0.441426
2 0.926331 0.577042 0.146297 0.072324
1 0.897109 0.457551 0.019458 0.051361
1 0.897109 0.496329 0.013562 0.028306
1 0.647404 0.496861 0.008255 0.018870
1 0.647997 0.512051 0.008255 0.009435
1 0.647997 0.525157 0.008255 0.012574
1 0.080487 0.432384 0.015922 0.032491
1 0.077534 0.453875 0.011203 0.014676
1 0.074880 0.467505 0.029479 0.023065
1 0.072523 0.488991 0.015328 0.024111
0 0.116154 0.574421 0.020047 0.085954
0 0.293924 0.580190 0.018276 0.070231
2 0.288328 0.603250 0.050708 0.066037
2 0.322523 0.591722 0.041276 0.063944
2 0.350531 0.584907 0.035969 0.048222
2 0.566036 0.604824 0.056604 0.071278
0 0.534789 0.594338 0.015328 0.077565
2 0.806307 0.609014 0.032427 0.067083
2 0.841391 0.603773 0.022406 0.064991
2 0.862617 0.589097 0.020047 0.037731
0 0.640622 0.581241 0.012380 0.053463
2 0.371758 0.584384 0.015922 0.040880
2 0.385612 0.581236 0.021224 0.038787
2 0.615859 0.592245 0.008844 0.037731
0 0.590799 0.581764 0.009432 0.044028
0 0.578419 0.564463 0.008255 0.015722
1 0.533018 0.541398 0.003536 0.007333
2 0.395047 0.571282 0.016510 0.035639
0 0.403305 0.572856 0.008255 0.028306
2 0.403008 0.587523 0.006484 0.022009
2 0.420398 0.574421 0.009432 0.014676
2 0.429836 0.574426 0.009432 0.018870
2 0.446935 0.574944 0.008255 0.015722
2 0.446641 0.574421 0.008844 0.014676
0 0.438091 0.565514 0.008255 0.017824
2 0.439857 0.582287 0.009432 0.036685
2 0.453716 0.574417 0.006484 0.012574
2 0.466391 0.575468 0.007073 0.016769
2 0.504422 0.585431 0.013562 0.032491
2 0.525945 0.602199 0.008255 0.040880
2 0.522109 0.585954 0.020635 0.052407
2 0.541865 0.568657 0.010615 0.015722
2 0.515919 0.581241 0.018870 0.045074
2 0.494987 0.586481 0.010026 0.015722
2 0.494690 0.579144 0.021224 0.028306
2 0.481133 0.580190 0.008255 0.017824
2 0.475826 0.577569 0.009432 0.016769
2 0.471698 0.577042 0.007073 0.017824