1 0.869102 0.477468 0.014151 0.038787
2 0.874409 0.620019 0.066036 0.068130
1 0.869102 0.503667 0.009432 0.015722
1 0.588151 0.485329 0.013562 0.023065
1 0.586674 0.504194 0.009432 0.012574
1 0.586083 0.518343 0.007073 0.015722
0 0.792161 0.605347 0.035969 0.141509
0 0.969669 0.658806 0.059620 0.275685
2 0.744987 0.591199 0.017099 0.044028
0 0.665388 0.588051 0.017099 0.088046
2 0.525648 0.596431 0.057193 0.077565
0 0.607018 0.568657 0.017099 0.066037
2 0.501471 0.584380 0.046578 0.068130
2 0.477299 0.566565 0.022995 0.026204
2 0.450177 0.600625 0.060729 0.085954
2 0.400945 0.578097 0.024766 0.038787
1 0.442807 0.518347 0.004719 0.009435
2 0.379716 0.561319 0.021224 0.022009
2 0.954471 0.884736 0.090016 0.227417
2 0.421000 0.590347 0.023656 0.062306
2 0.149826 0.679903 0.299651 0.288157
2 0.042932 0.616824 0.085865 0.124611
0 0.103828 0.542060 0.023656 0.059194
2 0.301404 0.579435 0.042057 0.056074
2 0.412240 0.580218 0.014896 0.045176
2 0.357042 0.566194 0.021906 0.029593
2 0.413552 0.542056 0.008760 0.024926
0 0.332250 0.556606 0.004125 0.025157