2 0.357604 0.601671 0.117333 0.188676
0 0.925120 0.621593 0.062500 0.201259
2 0.075469 0.583861 0.097875 0.071278
2 0.483193 0.591199 0.054833 0.073380
2 0.497937 0.605870 0.031250 0.069185
2 0.552771 0.585954 0.092573 0.159333
2 0.452240 0.594338 0.022406 0.046120
0 0.801003 0.599579 0.051297 0.136269
0 0.745281 0.595384 0.040094 0.117398
2 0.771122 0.723630 0.194714 0.218685
2 0.781937 0.664833 0.039562 0.032963
2 0.764630 0.651648 0.030906 0.019778
2 0.847771 0.643412 0.103229 0.207694
2 0.679018 0.673074 0.055016 0.190111
2 0.214182 0.579125 0.029052 0.039565
2 0.199656 0.574176 0.012365 0.025278
2 0.182346 0.565935 0.021016 0.015389
0 0.246633 0.567583 0.004943 0.029667
2 0.267651 0.569782 0.012365 0.012083
1 0.282484 0.546157 0.003708 0.006593
2 0.656763 0.712639 0.030286 0.064833
2 0.656763 0.712639 0.030286 0.064833
2 0.635437 0.667579 0.061813 0.124176
2 0.667276 0.643407 0.010510 0.038463
2 0.697560 0.655495 0.019161 0.047250
2 0.705596 0.645602 0.035234 0.067037
2 0.602372 0.650000 0.058724 0.126370
2 0.575174 0.631866 0.038943 0.114287
2 0.560026 0.632968 0.019781 0.079120
1 0.448763 0.545606 0.004943 0.012083
2 0.412602 0.591204 0.006797 0.013185