2 0.919552 0.884231 0.159854 0.229685
0 0.467279 0.665616 0.102005 0.366880
2 0.469341 0.786162 0.081370 0.117398
1 0.349057 0.360588 0.029479 0.054509
1 0.910378 0.493713 0.008255 0.020963
1 0.922172 0.322847 0.050708 0.077565
1 0.740565 0.547171 0.009432 0.016769
1 0.701945 0.553981 0.006484 0.013630
1 0.502359 0.556602 0.010615 0.018870
1 0.392099 0.540880 0.004719 0.010481
1 0.040388 0.517292 0.005307 0.019917
1 0.288323 0.505769 0.007073 0.015722
1 0.303362 0.518870 0.005307 0.010481
1 0.288914 0.519917 0.002359 0.010481
1 0.314859 0.503139 0.007073 0.012574
1 0.322818 0.502620 0.007667 0.013630
1 0.314859 0.514676 0.007073 0.008389
1 0.322818 0.514148 0.007667 0.007333
0 0.358195 0.597486 0.022995 0.155139
0 0.764445 0.620546 0.027714 0.129981
0 0.794221 0.621069 0.031839 0.139417
0 0.950177 0.627361 0.043042 0.187630
2 0.974680 0.672954 0.049599 0.111111
0 0.966099 0.587000 0.019458 0.062889
0 0.894755 0.590671 0.013562 0.051361
0 0.885906 0.607968 0.013562 0.075472
0 0.854956 0.622639 0.041276 0.129981
0 0.876180 0.625264 0.031839 0.149898
2 0.897995 0.664046 0.028302 0.084907
2 0.873229 0.676625 0.011792 0.038787
2 0.853477 0.665097 0.068984 0.099583
2 0.821932 0.606394 0.022406 0.040880
2 0.499411 0.581759 0.017688 0.031444
2 0.521518 0.589625 0.028891 0.028306
2 0.545401 0.588056 0.028302 0.029352
2 0.572229 0.588051 0.025354 0.027250
2 0.598760 0.588046 0.030073 0.020963
2 0.626474 0.587005 0.025354 0.025157
2 0.644164 0.588579 0.011203 0.017824
2 0.667747 0.590144 0.011203 0.014676
0 0.732607 0.593815 0.006484 0.026204
2 0.683961 0.599056 0.030661 0.034593
2 0.708138 0.593287 0.012974 0.031444
2 0.717865 0.593819 0.014740 0.028306
2 0.723760 0.594338 0.008844 0.025157
2 0.728482 0.584380 0.015922 0.015722
2 0.745578 0.592764 0.008844 0.022009
2 0.750589 0.593296 0.010615 0.018870
0 0.389445 0.575472 0.005307 0.031444
0 0.401240 0.567083 0.004125 0.010481
2 0.325474 0.581759 0.027125 0.020963
0 0.321638 0.562366 0.005307 0.011528
0 0.027714 0.559227 0.010615 0.061843
0 0.037146 0.556602 0.010615 0.071278
0 0.056898 0.566037 0.012380 0.071278
0 0.066919 0.566042 0.012380 0.073380
0 0.075471 0.575995 0.020047 0.082806
0 0.093753 0.552940 0.008255 0.019917
2 0.184552 0.576514 0.016510 0.016769
0 0.234375 0.572852 0.007667 0.042981
0 0.250297 0.570755 0.007667 0.049269
0 0.255307 0.572329 0.005896 0.044028
0 0.259432 0.572852 0.007073 0.047167
0 0.267688 0.574426 0.007073 0.048222
0 0.262680 0.577565 0.005307 0.039833
0 0.282427 0.574954 0.007073 0.042981
0 0.288326 0.571282 0.008255 0.054509
0 0.306604 0.576523 0.011792 0.046120
2 0.302477 0.585431 0.015328 0.030398