0 0.309289 0.683023 0.091120 0.325546
0 0.487589 0.659657 0.069219 0.390963
0 0.547169 0.683023 0.065714 0.225861
0 0.457359 0.657319 0.031542 0.239880
0 0.133180 0.627731 0.050818 0.261685
0 0.356164 0.640963 0.035922 0.207167
1 0.786359 0.440815 0.023656 0.040500
1 0.974302 0.548282 0.022781 0.037380
1 0.756135 0.397190 0.045562 0.065417
1 0.756135 0.397190 0.045562 0.065417
2 0.244453 0.605139 0.131427 0.095019
1 0.756135 0.306074 0.031542 0.054519
1 0.765680 0.574412 0.016932 0.025083
2 0.396466 0.597352 0.067464 0.054519
2 0.442029 0.612926 0.025411 0.042056
2 0.404354 0.559968 0.030667 0.048287
0 0.107771 0.563088 0.038552 0.101250
0 0.676591 0.631546 0.046578 0.126833
0 0.936320 0.667718 0.030661 0.125787
0 0.967865 0.672431 0.032427 0.120546
2 0.952240 0.626833 0.045990 0.071278
2 0.084115 0.652648 0.061333 0.112148
2 0.163844 0.665884 0.040302 0.091898
0 0.020591 0.548282 0.011391 0.062306
2 0.171289 0.566194 0.034172 0.029593
0 0.259346 0.552958 0.005255 0.018694
0 0.286508 0.564644 0.012266 0.032713
1 0.322430 0.469620 0.010516 0.017130
0 0.367990 0.585667 0.014021 0.040500
0 0.362734 0.644861 0.007010 0.040500
2 0.382448 0.646412 0.037677 0.093454
0 0.371057 0.569315 0.006135 0.017130
0 0.375440 0.566977 0.004380 0.018694
0 0.424505 0.573208 0.006135 0.018694
2 0.442464 0.681463 0.014021 0.070093
2 0.516503 0.686921 0.018401 0.059194
0 0.434141 0.584106 0.007885 0.037380
0 0.440276 0.581778 0.006135 0.029593
0 0.519130 0.592676 0.006135 0.026481
0 0.527891 0.595796 0.007885 0.029593
0 0.568193 0.605144 0.007885 0.045176
0 0.563378 0.605921 0.003505 0.034269
2 0.610690 0.621495 0.064839 0.049843
0 0.634344 0.627722 0.007010 0.043611
0 0.648799 0.617602 0.013141 0.066981
1 0.645297 0.545171 0.009635 0.021806
2 0.678591 0.679907 0.067464 0.098130
0 0.727659 0.617602 0.004380 0.026481
2 0.738172 0.633176 0.014896 0.054519
0 0.758763 0.647977 0.005255 0.074769
2 0.770591 0.624611 0.011391 0.028037
0 0.778036 0.650310 0.017521 0.091898
2 0.791177 0.640968 0.008760 0.035824
0 0.801255 0.661208 0.016646 0.079435
2 0.834990 0.654986 0.061333 0.060750
2 0.822284 0.620713 0.027161 0.014019
2 0.846380 0.630838 0.022781 0.018694
0 0.870034 0.671333 0.028036 0.099685
2 0.870911 0.630060 0.015771 0.023361
0 0.896758 0.672116 0.020151 0.104361
0 0.397779 0.575542 0.005255 0.020250